13045    19     25711   295/1412       21% 0.385498      69.1949
 13055    19     25721   305/1412       22% 0.084276      69.5082
 13058    19     25731   315/1412       22% 0.315668      69.6032
 13060    19     25741   325/1412       23% 0.798827      69.5385
 13063    19     25751   335/1412       24% 1.912050      69.5149
 13070    19     25761   345/1412       24% 1.237927      69.2754
 13072    19     25771   355/1412       25% 1.449299      69.2606
 13077    19     25781   365/1412       26% 1.380380      69.5205
 13080    19     25791   375/1412       27% 0.579681      69.7667
 13082    19     25801   385/1412       27% 1.252424      69.5130
 13085    19     25811   395/1412       28% 0.183531      69.6203
 13097    19     25821   405/1412       29% 1.258477      69.8148
 13100    19     25831   415/1412       29% 0.322537      69.8494
 13103    19     25841   425/1412       30% 1.133355      69.7647
 13118    19     25851   435/1412       31% 1.123938      69.6264
 13121    19     25861   445/1412       32% 0.084525      69.3258
 13124    19     25871   455/1412       32% 3.457873      69.3681
 13126    19     25881   465/1412       33% 1.365184      69.2473
 13130    19     25891   475/1412       34% 2.281130      69.3158
 13132    19     25901   485/1412       34% 0.559804      69.1495
 13135    19     25911   495/1412       35% 0.359107      69.1919
 13139    19     25921   505/1412       36% 1.083182      69.1089
 13142    19     25931   515/1412       36% 0.927146      69.0534
 13144    19     25941   525/1412       37% 1.184984      69.0952
 13147    19     25951   535/1412       38% 1.906839      69.1355
 13150    19     25961   545/1412       39% 1.668426      69.1972
 13153    19     25971   555/1412       39% 0.945364      69.1892
 13156    19     25981   565/1412       40% 1.698417      69.2699
 13160    19     25991   575/1412       41% 0.915083      69.3913
 13171    19     26001   585/1412       41% 0.478639      69.5940
 13175    19     26011   595/1412       42% 0.809793      69.6008
 13178    19     26021   605/1412       43% 1.897549      69.6281
 13180    19     26031   615/1412       44% 0.290461      69.6951
 13183    19     26041   625/1412       44% 3.049846      69.5400
 13186    19     26051   635/1412       45% 1.063524      69.5866
 13193    19     26061   645/1412       46% 1.039584      69.6705
 13210    19     26071   655/1412       46% 2.511705      69.7519
 13213    19     26081   665/1412       47% 0.872715      69.7368
 13216    19     26091   675/1412       48% 0.796131      69.7037
 13218    19     26101   685/1412       49% 2.415867      69.5438
 13221    19     26111   695/1412       49% 0.604306      69.5504
 13224    19     26121   705/1412       50% 0.131363      69.6099
 13228    19     26131   715/1412       51% 0.796607      69.5979
 13230    19     26141   725/1412       51% 1.443912      69.5000
 13236    19     26151   735/1412       52% 0.698651      69.4558
 13252    19     26161   745/1412       53% 0.503544      69.4631
 13255    19     26171   755/1412       53% 0.438109      69.4536
 13257    19     26181   765/1412       54% 1.288362      69.4444
 13261    19     26191   775/1412       55% 2.631477      69.4839
 13263    19     26201   785/1412       56% 1.025327      69.5541
 13266    19     26211   795/1412       56% 0.011503      69.5597
 13269    19     26221   805/1412       57% 1.311874      69.5186
 13284    19     26231   815/1412       58% 0.597636      69.6626
 13287    19     26241   825/1412       58% 0.400780      69.6212
 13289    19     26251   835/1412       59% 0.452155      69.5359
 13294    19     26261   845/1412       60% 0.714522      69.5118
 13298    19     26271   855/1412       61% 1.165939      69.4591
 13300    19     26281   865/1412       61% 2.296463      69.3931
 13307    19     26291   875/1412       62% 0.413377      69.4429
 13309    19     26301   885/1412       63% 1.401799      69.4633
 13313    19     26311   895/1412       63% 0.932764      69.4413
 13316    19     26321   905/1412       64% 0.757616      69.4613
 13330    19     26331   915/1412       65% 0.683402      69.4672
 13333    19     26341   925/1412       66% 1.171140      69.4730
 13336    19     26351   935/1412       66% 0.268599      69.4118
 13339    19     26361   945/1412       67% 2.178940      69.3519
 13343    19     26371   955/1412       68% 0.958619      69.3717
 13345    19     26381   965/1412       68% 1.537730      69.2617
 13347    19     26391   975/1412       69% 0.867322      69.2179
 13351    19     26401   985/1412       70% 0.255730      69.2259
 13353    19     26411   995/1412       70% 1.081961      69.1709
 13356    19     26421  1005/1412       71% 1.076396      69.1045
 13360    19     26431  1015/1412       72% 1.150187      69.1256
 13362    19     26441  1025/1412       73% 1.084761      69.0366
 13376    19     26451  1035/1412       73% 0.665227      69.0217
 13380    19     26461  1045/1412       74% 1.352849      69.0670
 13386    19     26471  1055/1412       75% 0.559413      69.0877
 13389    19     26481  1065/1412       75% 2.299022      69.0845
 13392    19     26491  1075/1412       76% 0.368858      69.1279
 13396    19     26501  1085/1412       77% 1.582379      69.1705
 13398    19     26511  1095/1412       78% 0.473494      69.1324
 13400    19     26521  1105/1412       78% 0.366900      69.1290
 13404    19     26531  1115/1412       79% 0.676406      69.1368
 13415    19     26541  1125/1412       80% 0.833034      69.1444
 13422    19     26551  1135/1412       80% 0.773537      69.1079
 13424    19     26561  1145/1412       81% 0.435976      69.1157
 13427    19     26571  1155/1412       82% 1.194755      69.1342
 13430    19     26581  1165/1412       83% 1.329883      69.1738
 13432    19     26591  1175/1412       83% 1.161739      69.1383
 13435    19     26601  1185/1412       84% 2.193648      69.1350
 13437    19     26611  1195/1412       85% 1.713165      69.1109
 13441    19     26621  1205/1412       85% 1.376554      69.1079
 13445    19     26631  1215/1412       86% 1.345328      69.1152
 13459    19     26641  1225/1412       87% 0.883613      69.1531
 13462    19     26651  1235/1412       87% 0.666819      69.1498
 13466    19     26661  1245/1412       88% 0.096603      69.1566
 13469    19     26671  1255/1412       89% 0.090640      69.1534
 13472    19     26681  1265/1412       90% 0.286815      69.1502
 13476    19     26691  1275/1412       90% 1.275727      69.1961
 13478    19     26701  1285/1412       91% 0.099892      69.2218
 13481    19     26711  1295/1412       92% 0.031729      69.2761
 13485    19     26721  1305/1412       92% 1.038946      69.2720
 13487    19     26731  1315/1412       93% 1.081954      69.2205
 13490    19     26741  1325/1412       94% 1.277140      69.2736
 13495    19     26751  1335/1412       95% 1.466998      69.3258
 13498    19     26761  1345/1412       95% 0.896397      69.2937
 13502    19     26771  1355/1412       96% 0.712047      69.3358
 13506    19     26781  1365/1412       97% 0.781134      69.3681
 13517    19     26791  1375/1412       97% 1.198227      69.3818
 13520    19     26801  1385/1412       98% 1.100974      69.3682
 13523    19     26811  1395/1412       99% 1.428181      69.2742
 13526    19     26821  1405/1412      100% 0.907821      69.2794

  Time Epoch Iteration Progress     Dev/Acc. Dev/Pr.  Dev/Recall   Dev/F1       Dev/Loss
 13647    19     26828    19/30     0.6764   0.6764   0.6764       0.6764       1.1787

  Time Epoch Iteration Progress    (%Epoch)   Loss     Accuracy
 13648    20     26831     3/1412        0% 1.617846      58.3333
 13651    20     26841    13/1412        1% 0.511360      71.1538
 13655    20     26851    23/1412        2% 0.810115      72.8261
 13657    20     26861    33/1412        2% 0.765747      71.9697
 13662    20     26871    43/1412        3% 2.340843      71.5116
 13666    20     26881    53/1412        4% 0.352686      70.7547
 13668    20     26891    63/1412        4% 0.652693      71.4286
 13672    20     26901    73/1412        5% 0.302435      71.5753
 13682    20     26911    83/1412        6% 0.540543      72.2892
 13685    20     26921    93/1412        7% 0.656505      71.1022
 13687    20     26931   103/1412        7% 0.767114      70.6311
 13689    20     26941   113/1412        8% 0.006721      70.4646
 13692    20     26951   123/1412        9% 0.652034      70.4268
 13695    20     26961   133/1412        9% 0.384899      70.7707
 13697    20     26971   143/1412       10% 1.087757      70.4545
 13700    20     26981   153/1412       11% 1.127081      70.6699
 13715    20     26991   163/1412       12% 1.107717      70.6288
 13719    20     27001   173/1412       12% 0.258655      70.3035
 13723    20     27011   183/1412       13% 0.400255      70.4235
 13726    20     27021   193/1412       14% 1.355123      70.8549
 13730    20     27031   203/1412       14% 1.753488      70.8128
 13733    20     27041   213/1412       15% 2.393194      70.7746
 13735    20     27051   223/1412       16% 0.787688      70.4036
 13751    20     27061   233/1412       17% 0.805099      70.0644
 13754    20     27071   243/1412       17% 1.282656      69.8045
 13758    20     27081   253/1412       18% 1.223193      69.8123
 13761    20     27091   263/1412       19% 0.319402      70.1046
 13764    20     27101   273/1412       19% 0.211700      70.2839
 13767    20     27111   283/1412       20% 1.243700      70.2297
 13771    20     27121   293/1412       21% 1.175158      70.1792
 13774    20     27131   303/1412       21% 0.746740      70.2145
 13778    20     27141   313/1412       22% 0.772908      70.1677
 13793    20     27151   323/1412       23% 0.937200      70.5495
 13796    20     27161   333/1412       24% 0.508068      70.4204
 13799    20     27171   343/1412       24% 0.641505      70.1895
 13803    20     27181   353/1412       25% 0.912644      70.6091
 13807    20     27191   363/1412       26% 0.742257      70.5234
 13810    20     27201   373/1412       26% 0.189538      70.5764
 13812    20     27211   383/1412       27% 1.094302      70.5287
 13814    20     27221   393/1412       28% 0.596905      70.5153
 13818    20     27231   403/1412       29% 0.072838      70.4715
 13821    20     27241   413/1412       29% 1.384183      70.4600
 13823    20     27251   423/1412       30% 0.576953      70.4196
 13826    20     27261   433/1412       31% 1.079329      70.4677
 13829    20     27271   443/1412       31% 1.646913      70.0621
 13831    20     27281   453/1412       32% 1.185214      70.0331
 13837    20     27291   463/1412       33% 1.738615      70.1134
 13839    20     27301   473/1412       33% 1.429687      70.1110
 13854    20     27311   483/1412       34% 0.727579      70.3157
 13857    20     27321   493/1412       35% 1.095772      70.2079
 13861    20     27331   503/1412       36% 0.394135      70.3777
 13864    20     27341   513/1412       36% 1.134605      70.3704
 13867    20     27351   523/1412       37% 1.401031      70.2677
 13871    20     27361   533/1412       38% 1.039016      70.2627
 13874    20     27371   543/1412       38% 1.260492      70.2578
 13877    20     27381   553/1412       39% 1.162072      70.0723
 13880    20     27391   563/1412       40% 0.858864      70.0710
 13882    20     27401   573/1412       41% 0.562700      70.1353
 13885    20     27411   583/1412       41% 1.441896      70.2187
 13897    20     27421   593/1412       42% 0.580416      70.4258
 13899    20     27431   603/1412       43% 0.273217      70.6053
 13902    20     27441   613/1412       43% 0.892219      70.6158
 13905    20     27451   623/1412       44% 0.347993      70.7865
 13908    20     27461   633/1412       45% 0.477986      70.8531
 13912    20     27471   643/1412       46% 0.343633      70.9176
 13914    20     27481   653/1412       46% 1.118856      70.6930
 13916    20     27491   663/1412       47% 0.217083      70.7202
 13920    20     27501   673/1412       48% 2.715309      70.7095
 13938    20     27511   683/1412       48% 1.333898      70.7174
 13941    20     27521   693/1412       49% 1.425960      70.7251
 13945    20     27531   703/1412       50% 1.086662      70.8037
 13948    20     27541   713/1412       50% 1.255365      70.6171
 13950    20     27551   723/1412       51% 0.861977      70.5740
 13968    20     27561   733/1412       52% 0.673683      70.6173
 13975    20     27571   743/1412       53% 1.041427      70.6931
 13977    20     27581   753/1412       53% 0.803159      70.5511
 13981    20     27591   763/1412       54% 1.824226      70.4456
 13983    20     27601   773/1412       55% 1.793703      70.4722
 13986    20     27611   783/1412       55% 0.792311      70.4023
 13988    20     27621   793/1412       56% 0.961197      70.3815
 13991    20     27631   803/1412       57% 0.873030      70.3144
 13995    20     27641   813/1412       58% 0.422114      70.3875
 13997    20     27651   823/1412       58% 0.694276      70.4131
 14015    20     27661   833/1412       59% 0.690704      70.4082
 14018    20     27671   843/1412       60% 1.445985      70.4478
 14020    20     27681   853/1412       60% 0.819973      70.4426
 14026    20     27691   863/1412       61% 1.368800      70.4809
 14029    20     27701   873/1412       62% 0.972159      70.5470
 14032    20     27711   883/1412       63% 0.773943      70.4558
 14036    20     27721   893/1412       63% 0.472434      70.4927
 14038    20     27731   903/1412       64% 0.649211      70.4734
 14043    20     27741   913/1412       65% 0.801303      70.4409
 14048    20     27751   923/1412       65% 1.476058      70.3684
 14063    20     27761   933/1412       66% 0.946681      70.3644
 14066    20     27771   943/1412       67% 0.983122      70.3340
 14069    20     27781   953/1412       67% 1.072456      70.2518
 14072    20     27791   963/1412       68% 1.015544      70.3141
 14076    20     27801   973/1412       69% 0.355701      70.3237
 14078    20     27811   983/1412       70% 0.220804      70.2950
 14080    20     27821   993/1412       70% 1.559791      70.2417
 14085    20     27831  1003/1412       71% 0.708560      70.2517
 14087    20     27841  1013/1412       72% 0.307276      70.2739
 14092    20     27851  1023/1412       72% 3.666374      70.3079
 14095    20     27861  1033/1412       73% 1.712507      70.1597
 14109    20     27871  1043/1412       74% 0.822675      70.1462
 14112    20     27881  1053/1412       75% 0.763293      70.1686
 14115    20     27891  1063/1412       75% 0.851747      70.1905
 14119    20     27901  1073/1412       76% 2.005082      70.2470
 14122    20     27911  1083/1412       77% 1.784998      70.1408
 14125    20     27921  1093/1412       77% 0.371525      70.2081
 14128    20     27931  1103/1412       78% 0.398469      70.1949
 14133    20     27941  1113/1412       79% 0.828981      70.2830
 14138    20     27951  1123/1412       80% 0.749842      70.2360
 14140    20     27961  1133/1412       80% 1.132508      70.3111
 14143    20     27971  1143/1412       81% 0.780313      70.3412
 14145    20     27981  1153/1412       82% 1.494436      70.1756
 14162    20     27991  1163/1412       82% 2.103567      70.1526
 14164    20     28001  1173/1412       83% 0.907935      70.1513
 14167    20     28011  1183/1412       84% 1.025625      70.1183
 14170    20     28021  1193/1412       84% 2.934747      70.0545
 14172    20     28031  1203/1412       85% 1.405565      70.0852
 14179    20     28041  1213/1412       86% 0.073302      70.0742
 14182    20     28051  1223/1412       87% 1.563474      70.0225
 14184    20     28061  1233/1412       87% 1.345309      70.0223
 14190    20     28071  1243/1412       88% 0.788217      70.0724
 14193    20     28081  1253/1412       89% 2.413311      69.9421
 14209    20     28091  1263/1412       89% 0.178001      69.9129
 14212    20     28101  1273/1412       90% 0.985102      69.8940
 14215    20     28111  1283/1412       91% 2.202439      69.8558
 14218    20     28121  1293/1412       92% 0.851284      69.8086
 14221    20     28131  1303/1412       92% 0.496932      69.7813
 14225    20     28141  1313/1412       93% 0.835083      69.7925
 14228    20     28151  1323/1412       94% 0.204379      69.7940
 14231    20     28161  1333/1412       94% 1.291787      69.7299
 14234    20     28171  1343/1412       95% 1.934658      69.7599
 14237    20     28181  1353/1412       96% 0.266261      69.7986
 14244    20     28191  1363/1412       97% 0.002567      69.8368
 14246    20     28201  1373/1412       97% 2.073579      69.7924
 14249    20     28211  1383/1412       98% 0.691409      69.7487
 14265    20     28221  1393/1412       99% 0.799310      69.7775
 14268    20     28231  1403/1412       99% 1.277349      69.7701

  Time Epoch Iteration Progress     Dev/Acc. Dev/Pr.  Dev/Recall   Dev/F1       Dev/Loss
 14387    20     28240    20/30     0.6852   0.6852   0.6852       0.6852       1.1682

  Time Epoch Iteration Progress    (%Epoch)   Loss     Accuracy
 14388    21     28241     1/1412        0% 0.655749      62.5000
 14391    21     28251    11/1412        1% 0.797071      72.7273
 14394    21     28261    21/1412        1% 1.656693      63.0952
 14410    21     28271    31/1412        2% 1.976672      67.7419
 14413    21     28281    41/1412        3% 1.111905      65.8537
 14418    21     28291    51/1412        4% 0.638227      66.6667
 14420    21     28301    61/1412        4% 0.304635      67.0082
 14423    21     28311    71/1412        5% 1.494745      68.3099
 14426    21     28321    81/1412        6% 0.071307      68.8272
 14430    21     28331    91/1412        6% 0.961134      68.8187
 14434    21     28341   101/1412        7% 0.036232      69.6782
 14439    21     28351   111/1412        8% 0.385929      70.3829
 14442    21     28361   121/1412        9% 1.822336      70.2479
 14445    21     28371   131/1412        9% 0.508475      70.8015
 14448    21     28381   141/1412       10% 0.506469      71.1879
 14451    21     28391   151/1412       11% 1.922429      71.0265
 14453    21     28401   161/1412       11% 0.753148      71.1180
 14456    21     28411   171/1412       12% 1.299977      70.9064
 14460    21     28421   181/1412       13% 0.723282      70.7182
 14475    21     28431   191/1412       14% 1.036918      71.2696
 14477    21     28441   201/1412       14% 0.727593      71.2065
 14481    21     28451   211/1412       15% 2.044211      71.1493
 14484    21     28461   221/1412       16% 1.168409      71.1538
 14488    21     28471   231/1412       16% 0.054031      71.1580
 14491    21     28481   241/1412       17% 0.506221      71.3693
 14494    21     28491   251/1412       18% 1.002385      71.3645
 14496    21     28501   261/1412       18% 1.290053      71.0249
 14501    21     28511   271/1412       19% 0.090076      70.6181
 14504    21     28521   281/1412       20% 0.965108      70.5516
 14507    21     28531   291/1412       21% 1.747694      70.4467
 14524    21     28541   301/1412       21% 0.369708      70.5150
 14529    21     28551   311/1412       22% 0.908819      70.1367
 14531    21     28561   321/1412       23% 1.076547      69.6651
 14535    21     28571   331/1412       23% 2.338122      69.5997
 14537    21     28581   341/1412       24% 1.300141      69.7581
 14540    21     28591   351/1412       25% 2.003474      69.4801
 14544    21     28601   361/1412       26% 0.676567      69.8061
 14560    21     28611   371/1412       26% 1.174015      69.8787
 14564    21     28621   381/1412       27% 0.766432      70.0787
 14567    21     28631   391/1412       28% 0.413636      70.0767
 14569    21     28641   401/1412       28% 0.644508      70.4177
 14574    21     28651   411/1412       29% 1.661533      70.5292
 14576    21     28661   421/1412       30% 0.551610      70.5760
 14579    21     28671   431/1412       31% 0.891607      70.7077
 14581    21     28681   441/1412       31% 0.370003      70.5499
 14584    21     28691   451/1412       32% 1.601021      70.6486
 14587    21     28701   461/1412       33% 1.367100      70.6616
 14590    21     28711   471/1412       33% 1.620643      70.7272
 14599    21     28721   481/1412       34% 2.099010      70.7121
 14602    21     28731   491/1412       35% 0.711211      70.6212
 14605    21     28741   501/1412       35% 1.642246      70.5589
 14610    21     28751   511/1412       36% 0.054176      70.5479
 14613    21     28761   521/1412       37% 0.389567      70.5374
 14616    21     28771   531/1412       38% 1.262887      70.6215
 14618    21     28781   541/1412       38% 1.215121      70.4482
 14622    21     28791   551/1412       39% 0.415002      70.5082
 14631    21     28801   561/1412       40% 0.683127      70.5437
 14634    21     28811   571/1412       40% 0.398534      70.6217
 14638    21     28821   581/1412       41% 0.240378      70.6756
 14641    21     28831   591/1412       42% 0.902950      70.6853
 14644    21     28841   601/1412       43% 0.353546      70.6115
 14654    21     28851   611/1412       43% 1.472210      70.5196
 14656    21     28861   621/1412       44% 0.553222      70.4106
 14660    21     28871   631/1412       45% 0.341260      70.5824
 14662    21     28881   641/1412       45% 0.130505      70.5343
 14664    21     28891   651/1412       46% 0.537913      70.6221
 14667    21     28901   661/1412       47% 0.511188      70.5749
 14670    21     28911   671/1412       48% 0.559411      70.5849
 14674    21     28921   681/1412       48% 0.519434      70.5947
 14677    21     28931   691/1412       49% 1.426283      70.5680
 14681    21     28941   701/1412       50% 1.873702      70.4886
 14685    21     28951   711/1412       50% 1.120376      70.4993
 14687    21     28961   721/1412       51% 3.102632      70.4230
 14689    21     28971   731/1412       52% 1.395448      70.4001
 14691    21     28981   741/1412       52% 1.629014      70.4285
 14696    21     28991   751/1412       53% 0.630044      70.3895
 14699    21     29001   761/1412       54% 0.842112      70.3679
 14702    21     29011   771/1412       55% 0.729735      70.3956
 14706    21     29021   781/1412       55% 0.219092      70.4065
 14710    21     29031   791/1412       56% 0.645449      70.4804
 14726    21     29041   801/1412       57% 1.301209      70.3340
 14729    21     29051   811/1412       57% 1.342032      70.2990
 14732    21     29061   821/1412       58% 0.400550      70.2497
 14735    21     29071   831/1412       59% 1.529068      70.1264
 14737    21     29081   841/1412       60% 0.770840      70.0505
 14739    21     29091   851/1412       60% 0.918271      70.0646
 14755    21     29101   861/1412       61% 1.125582      70.0929
 14760    21     29111   871/1412       62% 0.353153      70.1062
 14766    21     29121   881/1412       62% 1.193624      70.0482
 14769    21     29131   891/1412       63% 0.322455      70.0758
 14772    21     29141   901/1412       64% 1.543029      70.0749
 14775    21     29151   911/1412       65% 1.669561      70.0604
 14789    21     29161   921/1412       65% 0.686167      70.1412
 14794    21     29171   931/1412       66% 0.787191      70.1799
 14796    21     29181   941/1412       67% 0.634763      70.1913
 14799    21     29191   951/1412       67% 0.839817      70.2813
 14802    21     29201   961/1412       68% 0.438596      70.2784
 14804    21     29211   971/1412       69% 1.016162      70.1854
 14808    21     29221   981/1412       69% 0.498721      70.1835
 14812    21     29231   991/1412       70% 1.678770      70.1690
 14814    21     29241  1001/1412       71% 1.487179      70.1049
 14820    21     29251  1011/1412       72% 0.278243      70.1533
 14824    21     29261  1021/1412       72% 0.014173      70.2130
 14837    21     29271  1031/1412       73% 1.282363      70.1503
 14840    21     29281  1041/1412       74% 0.191980      70.1729
 14842    21     29291  1051/1412       74% 0.546978      70.1594
 14847    21     29301  1061/1412       75% 1.584661      70.1343
 14850    21     29311  1071/1412       76% 1.588406      70.2031
 14853    21     29321  1081/1412       77% 0.115592      70.2243
 14855    21     29331  1091/1412       77% 2.112296      70.1994
 14858    21     29341  1101/1412       78% 1.717562      70.1748
 14862    21     29351  1111/1412       79% 1.693742      70.1283
 14877    21     29361  1121/1412       79% 0.974348      70.0379
 14881    21     29371  1131/1412       80% 1.008082      70.0597
 14884    21     29381  1141/1412       81% 1.123231      70.0811
 14888    21     29391  1151/1412       82% 0.270663      70.1455
 14890    21     29401  1161/1412       82% 0.257062      70.1443
 14894    21     29411  1171/1412       83% 0.216217      70.1751
 14896    21     29421  1181/1412       84% 1.333099      70.1948
 14899    21     29431  1191/1412       84% 1.279344      70.2246
 14902    21     29441  1201/1412       85% 0.827614      70.2852
 14904    21     29451  1211/1412       86% 1.377063      70.3448
 14922    21     29461  1221/1412       86% 0.093288      70.3931
 14925    21     29471  1231/1412       87% 0.183201      70.4102
 14929    21     29481  1241/1412       88% 0.769834      70.3263
 14932    21     29491  1251/1412       89% 1.420178      70.3337
 14936    21     29501  1261/1412       89% 1.017564      70.3410
 14939    21     29511  1271/1412       90% 1.248790      70.2793
 14942    21     29521  1281/1412       91% 0.891487      70.2674
 14944    21     29531  1291/1412       91% 0.537897      70.2847
 14950    21     29541  1301/1412       92% 0.930738      70.2921
 14954    21     29551  1311/1412       93% 1.631937      70.2517
 14956    21     29561  1321/1412       94% 1.425214      70.2403
 14959    21     29571  1331/1412       94% 1.581457      70.2104
 14968    21     29581  1341/1412       95% 1.149915      70.1808
 14984    21     29591  1351/1412       96% 0.072837      70.1425
 14988    21     29601  1361/1412       96% 0.096501      70.1323
 14990    21     29611  1371/1412       97% 1.011735      70.0948
 14992    21     29621  1381/1412       98% 0.854141      70.0579
 14996    21     29631  1391/1412       99% 1.681454      70.1114
 14999    21     29641  1401/1412       99% 0.632868      70.0660
 15004    21     29651  1411/1412      100% 1.258271      70.0478

  Time Epoch Iteration Progress     Dev/Acc. Dev/Pr.  Dev/Recall   Dev/F1       Dev/Loss
 15111    21     29652    21/30     0.6796   0.6796   0.6796       0.6796       1.2154

  Time Epoch Iteration Progress    (%Epoch)   Loss     Accuracy
 15114    22     29661     9/1412        1% 1.295494      72.2222
 15117    22     29671    19/1412        1% 1.098074      65.1316
 15119    22     29681    29/1412        2% 1.811160      66.8103
 15123    22     29691    39/1412        3% 0.651063      68.2692
 15126    22     29701    49/1412        3% 1.701340      68.3673
 15128    22     29711    59/1412        4% 0.679078      68.8559
 15131    22     29721    69/1412        5% 0.708888      69.0217
 15135    22     29731    79/1412        6% 0.174713      68.6709
 15152    22     29741    89/1412        6% 1.093983      69.3820
 15155    22     29751    99/1412        7% 1.030223      69.8232
 15158    22     29761   109/1412        8% 1.180239      69.6101
 15161    22     29771   119/1412        8% 1.798529      69.2227
 15163    22     29781   129/1412        9% 1.644137      68.8953
 15166    22     29791   139/1412       10% 0.987290      68.9748
 15181    22     29801   149/1412       11% 0.685834      69.0436
 15184    22     29811   159/1412       11% 1.082475      68.7893
 15187    22     29821   169/1412       12% 2.405827      68.9349
 15191    22     29831   179/1412       13% 0.929048      68.7849
 15195    22     29841   189/1412       13% 0.134133      69.0476
 15201    22     29851   199/1412       14% 1.472273      69.4095
 15212    22     29861   209/1412       15% 0.289288      69.8565
 15214    22     29871   219/1412       16% 0.164283      70.3767
 15217    22     29881   229/1412       16% 1.592333      70.1419
 15222    22     29891   239/1412       17% 0.077865      70.6067
 15225    22     29901   249/1412       18% 1.798012      70.4819
 15229    22     29911   259/1412       18% 0.777406      70.4151
 15232    22     29921   269/1412       19% 0.938294      70.3067
 15234    22     29931   279/1412       20% 1.397396      70.4301
 15237    22     29941   289/1412       20% 0.199016      70.4585
 15240    22     29951   299/1412       21% 0.176641      70.6522
 15243    22     29961   309/1412       22% 1.080819      70.7524
 15245    22     29971   319/1412       23% 1.216341      71.0423
 15249    22     29981   329/1412       23% 1.185161      70.9347
 15265    22     29991   339/1412       24% 2.517581      71.0546
 15268    22     30001   349/1412       25% 0.407451      70.8095
 15273    22     30011   359/1412       25% 0.729914      70.8914
 15277    22     30021   369/1412       26% 1.947644      70.9688
 15280    22     30031   379/1412       27% 0.904819      71.0422
 15283    22     30041   389/1412       28% 1.376424      70.9833
 15287    22     30051   399/1412       28% 0.864520      71.0213
 15291    22     30061   409/1412       29% 1.461380      71.1491
 15294    22     30071   419/1412       30% 0.899273      71.1516
 15297    22     30081   429/1412       30% 0.832211      71.0373
 15302    22     30091   439/1412       31% 0.402621      71.0991
 15304    22     30101   449/1412       32% 1.194511      70.8519
 15307    22     30111   459/1412       33% 0.781351      70.6427
 15310    22     30121   469/1412       33% 0.931452      70.7623
 15324    22     30131   479/1412       34% 0.620369      70.8246
 15327    22     30141   489/1412       35% 0.892450      70.8333
 15330    22     30151   499/1412       35% 1.386085      70.9168
 15333    22     30161   509/1412       36% 0.715643      70.9971
 15352    22     30171   519/1412       37% 0.056005      71.0501
 15354    22     30181   529/1412       37% 0.334723      70.9830
 15357    22     30191   539/1412       38% 0.102843      70.8488
 15361    22     30201   549/1412       39% 0.297940      70.9927
 15364    22     30211   559/1412       40% 0.106977      70.9302
 15368    22     30221   569/1412       40% 0.703216      71.0677
 15370    22     30231   579/1412       41% 2.973343      70.8333
 15374    22     30241   589/1412       42% 1.659168      70.9253
 15377    22     30251   599/1412       42% 1.479789      70.8055
 15379    22     30261   609/1412       43% 0.707102      70.6076
 15382    22     30271   619/1412       44% 1.425047      70.7189
 15384    22     30281   629/1412       45% 0.779663      70.4889
 15387    22     30291   639/1412       45% 1.215834      70.5790
 15389    22     30301   649/1412       46% 0.628236      70.4931
 15391    22     30311   659/1412       47% 1.005517      70.5235
 15394    22     30321   669/1412       47% 1.411771      70.5717
 15415    22     30331   679/1412       48% 1.398554      70.6922
 15418    22     30341   689/1412       49% 0.663034      70.7366
 15423    22     30351   699/1412       50% 1.421053      70.7976
 15426    22     30361   709/1412       50% 0.726559      70.7511
 15428    22     30371   719/1412       51% 1.038131      70.7580
 15432    22     30381   729/1412       52% 0.375215      70.6447
 15435    22     30391   739/1412       52% 2.340289      70.5853
 15438    22     30401   749/1412       53% 1.333257      70.4606
 15441    22     30411   759/1412       54% 1.891098      70.4545
 15452    22     30421   769/1412       54% 0.691468      70.3999
 15455    22     30431   779/1412       55% 0.238620      70.3787
 15460    22     30441   789/1412       56% 0.643117      70.4689
 15463    22     30451   799/1412       57% 0.206050      70.4161
 15466    22     30461   809/1412       57% 0.348874      70.3956
 15470    22     30471   819/1412       58% 0.704948      70.5281
 15472    22     30481   829/1412       59% 0.150146      70.5669
 15478    22     30491   839/1412       59% 0.016334      70.5602
 15480    22     30501   849/1412       60% 2.777841      70.4211
 15483    22     30511   859/1412       61% 1.061357      70.5035
 15486    22     30521   869/1412       62% 0.582543      70.5409
 15489    22     30531   879/1412       62% 0.360333      70.5631
 15492    22     30541   889/1412       63% 1.890399      70.6834
 15507    22     30551   899/1412       64% 0.070496      70.5923
 15510    22     30561   909/1412       64% 1.235034      70.5308
 15514    22     30571   919/1412       65% 0.174791      70.5930
 15516    22     30581   929/1412       66% 0.780907      70.4656
 15518    22     30591   939/1412       67% 1.057296      70.4207
 15530    22     30601   949/1412       67% 0.619380      70.4031
 15535    22     30611   959/1412       68% 0.253463      70.4119
 15538    22     30621   969/1412       69% 1.434658      70.3947
 15541    22     30631   979/1412       69% 1.916096      70.3779
 15545    22     30641   989/1412       70% 0.437967      70.3488
 15548    22     30651   999/1412       71% 2.070077      70.4079
 15552    22     30661  1009/1412       71% 0.618898      70.3791
 15554    22     30671  1019/1412       72% 0.297482      70.4122
 15557    22     30681  1029/1412       73% 0.661765      70.4082
 15559    22     30691  1039/1412       74% 2.834873      70.3080
 15562    22     30701  1049/1412       74% 0.484455      70.3408
 15566    22     30711  1059/1412       75% 1.301966      70.3612
 15569    22     30721  1069/1412       76% 0.187545      70.4397
 15573    22     30731  1079/1412       76% 1.040073      70.4124
 15588    22     30741  1089/1412       77% 0.243103      70.3857
 15591    22     30751  1099/1412       78% 0.444666      70.4845
 15595    22     30761  1109/1412       79% 1.403509      70.4914
 15599    22     30771  1119/1412       79% 0.391819      70.5317
 15604    22     30781  1129/1412       80% 0.903712      70.5381
 15606    22     30791  1139/1412       81% 1.331753      70.5663
 15609    22     30801  1149/1412       81% 1.827207      70.6375
 15611    22     30811  1159/1412       82% 1.958067      70.5457
 15614    22     30821  1169/1412       83% 0.972476      70.5945
 15631    22     30831  1179/1412       83% 0.125128      70.6107
 15635    22     30841  1189/1412       84% 1.089618      70.6581
 15638    22     30851  1199/1412       85% 0.001923      70.6526
 15648    22     30861  1209/1412       86% 0.070910      70.5852
 15652    22     30871  1219/1412       86% 1.482401      70.5804
 15654    22     30881  1229/1412       87% 0.730978      70.5248
 15658    22     30891  1239/1412       88% 2.110205      70.5508
 15661    22     30901  1249/1412       88% 1.099656      70.5564
 15664    22     30911  1259/1412       89% 1.218849      70.4925
 15667    22     30921  1269/1412       90% 0.071252      70.5181
 15671    22     30931  1279/1412       91% 0.047531      70.5434
 15675    22     30941  1289/1412       91% 0.092899      70.5489
 15678    22     30951  1299/1412       92% 0.807130      70.5254
 15681    22     30961  1309/1412       93% 1.159699      70.5405
 15683    22     30971  1319/1412       93% 0.346341      70.5080
 15688    22     30981  1329/1412       94% 1.562344      70.5700
 15691    22     30991  1339/1412       95% 1.921593      70.5190
 15695    22     31001  1349/1412       96% 1.300060      70.5615
 15698    22     31011  1359/1412       96% 1.611291      70.5574
 15701    22     31021  1369/1412       97% 1.127800      70.4985
 15705    22     31031  1379/1412       98% 0.019157      70.5402
 15708    22     31041  1389/1412       98% 0.797602      70.5814
 15723    22     31051  1399/1412       99% 1.223898      70.5861
 15737    22     31061  1409/1412      100% 0.381235      70.5731

  Time Epoch Iteration Progress     Dev/Acc. Dev/Pr.  Dev/Recall   Dev/F1       Dev/Loss
 15845    22     31064    22/30     0.6647   0.6647   0.6647       0.6647       1.2458

  Time Epoch Iteration Progress    (%Epoch)   Loss     Accuracy
 15847    23     31071     7/1412        0% 1.364255      67.8571
 15849    23     31081    17/1412        1% 1.217533      74.2647
 15852    23     31091    27/1412        2% 1.694787      73.1481
 15869    23     31101    37/1412        3% 0.340575      72.6351
 15873    23     31111    47/1412        3% 0.452172      73.9362
 15876    23     31121    57/1412        4% 0.139303      73.6842
 15882    23     31131    67/1412        5% 0.784277      73.6940
 15884    23     31141    77/1412        5% 1.634488      72.7273
 15889    23     31151    87/1412        6% 0.885000      72.5575
 15892    23     31161    97/1412        7% 2.257332      71.6495
 15895    23     31171   107/1412        8% 1.124132      71.4953
 15900    23     31181   117/1412        8% 0.268914      71.9017
 15903    23     31191   127/1412        9% 1.133786      72.1457
 15905    23     31201   137/1412       10% 0.795670      72.1715
 15908    23     31211   147/1412       10% 0.890485      71.8537
 15924    23     31221   157/1412       11% 0.945128      72.3726
 15927    23     31231   167/1412       12% 1.354387      72.2305
 15931    23     31241   177/1412       13% 0.641383      71.5395
 15933    23     31251   187/1412       13% 0.489277      71.3904
 15936    23     31261   197/1412       14% 0.253912      71.3832
 15939    23     31271   207/1412       15% 0.105926      71.4976
 15943    23     31281   217/1412       15% 1.043975      71.6014
 15946    23     31291   227/1412       16% 0.268888      71.6410
 15949    23     31301   237/1412       17% 0.459994      71.7300
 15951    23     31311   247/1412       17% 1.982158      71.5081
 15956    23     31321   257/1412       18% 2.567195      71.8872
 15960    23     31331   267/1412       19% 0.669558      71.8633
 15963    23     31341   277/1412       20% 0.536194      71.7509
 15968    23     31351   287/1412       20% 0.850229      71.7334
 15970    23     31361   297/1412       21% 1.295750      71.5909
 15982    23     31371   307/1412       22% 0.069291      71.4984
 15985    23     31381   317/1412       22% 0.855413      71.5694
 15990    23     31391   327/1412       23% 0.674272      71.2920
 15999    23     31401   337/1412       24% 1.364968      71.2908
 16004    23     31411   347/1412       25% 0.872032      71.3977
 16007    23     31421   357/1412       25% 0.576375      71.2535
 16010    23     31431   367/1412       26% 0.944718      71.2875
 16013    23     31441   377/1412       27% 0.051095      71.1870
 16016    23     31451   387/1412       27% 0.452608      71.2209
 16018    23     31461   397/1412       28% 1.711929      71.0642
 16022    23     31471   407/1412       29% 0.760212      71.0381
 16025    23     31481   417/1412       30% 1.127570      70.8933
 16041    23     31491   427/1412       30% 0.960268      70.8431
 16047    23     31501   437/1412       31% 0.642562      70.7380
 16051    23     31511   447/1412       32% 1.235840      70.6655
 16053    23     31521   457/1412       32% 1.826534      70.6510
 16056    23     31531   467/1412       33% 1.323267      70.7173
 16058    23     31541   477/1412       34% 0.702007      70.6761
 16062    23     31551   487/1412       34% 0.286952      70.7649
 16065    23     31561   497/1412       35% 1.212624      70.6740
 16068    23     31571   507/1412       36% 0.425192      70.6114
 16070    23     31581   517/1412       37% 0.146552      70.5754
 16074    23     31591   527/1412       37% 0.804223      70.7068
 16076    23     31601   537/1412       38% 0.458205      70.6238
 16079    23     31611   547/1412       39% 0.475151      70.6810
 16081    23     31621   557/1412       39% 0.542508      70.4443
 16085    23     31631   567/1412       40% 0.001037      70.5467
 16089    23     31641   577/1412       41% 1.431160      70.5806
 16091    23     31651   587/1412       42% 0.129908      70.4216
 16108    23     31661   597/1412       42% 0.505331      70.2889
 16112    23     31671   607/1412       43% 0.695504      70.3254
 16114    23     31681   617/1412       44% 1.996166      70.1783
 16118    23     31691   627/1412       44% 0.232842      70.2552
 16121    23     31701   637/1412       45% 1.246155      70.4278
 16123    23     31711   647/1412       46% 1.220589      70.5178
 16140    23     31721   657/1412       47% 0.311651      70.5670
 16142    23     31731   667/1412       47% 1.116299      70.6147
 16146    23     31741   677/1412       48% 1.787275      70.6241
 16149    23     31751   687/1412       49% 0.379187      70.7969
 16153    23     31761   697/1412       49% 1.942549      70.7855
 16155    23     31771   707/1412       50% 1.050130      70.6683
 16158    23     31781   717/1412       51% 0.118490      70.6590
 16161    23     31791   727/1412       51% 1.160055      70.5640
 16164    23     31801   737/1412       52% 0.616186      70.5224
 16167    23     31811   747/1412       53% 0.032227      70.5489
 16169    23     31821   757/1412       54% 2.033220      70.4590
 16175    23     31831   767/1412       54% 2.113478      70.3064
 16178    23     31841   777/1412       55% 0.225122      70.2703
 16195    23     31851   787/1412       56% 0.466373      70.4257
 16198    23     31861   797/1412       56% 0.619321      70.4517
 16203    23     31871   807/1412       57% 2.545366      70.5700
 16206    23     31881   817/1412       58% 0.160632      70.4865
 16208    23     31891   827/1412       59% 1.010753      70.4353
 16214    23     31901   837/1412       59% 0.988164      70.4301
 16218    23     31911   847/1412       60% 1.320684      70.4988
 16233    23     31921   857/1412       61% 1.463992      70.4347
 16237    23     31931   867/1412       61% 1.065280      70.3720
 16242    23     31941   877/1412       62% 0.003717      70.3535
 16244    23     31951   887/1412       63% 1.749364      70.3213
 16246    23     31961   897/1412       64% 1.099545      70.3317
 16250    23     31971   907/1412       64% 0.661505      70.3142
 16253    23     31981   917/1412       65% 1.442729      70.3244
 16256    23     31991   927/1412       66% 3.139178      70.3344
 16259    23     32001   937/1412       66% 0.661188      70.4242
 16261    23     32011   947/1412       67% 0.592681      70.3405
 16276    23     32021   957/1412       68% 1.497218      70.2847
 16279    23     32031   967/1412       68% 0.823014      70.2042
 16283    23     32041   977/1412       69% 1.367955      70.2661
 16286    23     32051   987/1412       70% 0.512822      70.2761
 16289    23     32061   997/1412       71% 0.922579      70.2859
 16293    23     32071  1007/1412       71% 1.772695      70.2458
 16296    23     32081  1017/1412       72% 0.667508      70.3048
 16299    23     32091  1027/1412       73% 1.022480      70.3505
 16303    23     32101  1037/1412       73% 3.058597      70.3592
 16307    23     32111  1047/1412       74% 1.852881      70.3677
 16322    23     32121  1057/1412       75% 2.345954      70.2578
 16324    23     32131  1067/1412       76% 1.442619      70.2437
 16327    23     32141  1077/1412       76% 1.143412      70.1950
 16330    23     32151  1087/1412       77% 1.259203      70.1127
 16333    23     32161  1097/1412       78% 1.392174      70.1345
 16338    23     32171  1107/1412       78% 1.597510      70.0429
 16340    23     32181  1117/1412       79% 1.582698      70.0313
 16343    23     32191  1127/1412       80% 1.842105      69.9978
 16359    23     32201  1137/1412       81% 1.551158      70.0528
 16364    23     32211  1147/1412       81% 2.148565      70.0959
 16367    23     32221  1157/1412       82% 0.198543      70.0735
 16373    23     32231  1167/1412       83% 0.570461      70.0514
 16375    23     32241  1177/1412       83% 1.603037      69.9979
 16378    23     32251  1187/1412       84% 0.847900      69.9979
 16380    23     32261  1197/1412       85% 1.094481      69.9979
 16388    23     32271  1207/1412       85% 1.819120      69.9669
 16392    23     32281  1217/1412       86% 0.836140      69.9979
 16396    23     32291  1227/1412       87% 2.818045      69.9674
 16400    23     32301  1237/1412       88% 0.557096      69.9677
 16403    23     32311  1247/1412       88% 1.763973      69.9479
 16405    23     32321  1257/1412       89% 0.276060      69.9383
 16407    23     32331  1267/1412       90% 0.402748      69.8204
 16410    23     32341  1277/1412       90% 0.564593      69.8121
 16413    23     32351  1287/1412       91% 0.349344      69.8621
 16416    23     32361  1297/1412       92% 0.383635      69.7957
 16429    23     32371  1307/1412       93% 0.572111      69.8164
 16432    23     32381  1317/1412       93% 0.374155      69.7703
 16436    23     32391  1327/1412       94% 1.142082      69.8003
 16439    23     32401  1337/1412       95% 0.877603      69.8298
 16443    23     32411  1347/1412       95% 0.499947      69.8311
 16447    23     32421  1357/1412       96% 0.952367      69.7494
 16450    23     32431  1367/1412       97% 0.588590      69.7421
 16452    23     32441  1377/1412       98% 1.492139      69.7622
 16455    23     32451  1387/1412       98% 1.909791      69.6918
 16457    23     32461  1397/1412       99% 0.457654      69.7477
 16460    23     32471  1407/1412      100% 0.900750      69.7228

  Time Epoch Iteration Progress     Dev/Acc. Dev/Pr.  Dev/Recall   Dev/F1       Dev/Loss
 16572    23     32476    23/30     0.6658   0.6658   0.6658       0.6658       1.2232

  Time Epoch Iteration Progress    (%Epoch)   Loss     Accuracy
 16575    24     32481     5/1412        0% 0.021393      80.0000
 16579    24     32491    15/1412        1% 0.369239      74.1667
 16581    24     32501    25/1412        2% 1.233891      71.5000
 16585    24     32511    35/1412        2% 1.280971      71.4286
 16588    24     32521    45/1412        3% 0.010280      72.7778
 16591    24     32531    55/1412        4% 0.866563      72.5000
 16613    24     32541    65/1412        5% 0.704338      72.8846
 16616    24     32551    75/1412        5% 0.658707      72.8333
 16618    24     32561    85/1412        6% 2.243823      73.0882
 16621    24     32571    95/1412        7% 0.181568      74.2105
 16636    24     32581   105/1412        7% 1.608895      73.9286
 16642    24     32591   115/1412        8% 2.013673      74.1304
 16645    24     32601   125/1412        9% 0.560361      74.3000
 16650    24     32611   135/1412       10% 1.216650      74.4444
 16652    24     32621   145/1412       10% 1.071097      73.9655
 16654    24     32631   155/1412       11% 0.942942      73.5484
 16657    24     32641   165/1412       12% 1.592951      73.4091
 16659    24     32651   175/1412       12% 1.564074      73.5714
 16663    24     32661   185/1412       13% 1.108104      72.9730
 16666    24     32671   195/1412       14% 1.404368      72.8205
 16669    24     32681   205/1412       15% 1.972052      72.6829
 16684    24     32691   215/1412       15% 1.128899      72.1512
 16686    24     32701   225/1412       16% 0.608845      72.1667
 16689    24     32711   235/1412       17% 0.688890      71.7021
 16691    24     32721   245/1412       17% 0.507807      71.2245
 16696    24     32731   255/1412       18% 1.635895      71.2255
 16699    24     32741   265/1412       19% 0.287217      71.4151
 16703    24     32751   275/1412       19% 1.634879      71.5909
 16706    24     32761   285/1412       20% 2.996046      71.3158
 16709    24     32771   295/1412       21% 0.627147      71.2712
 16712    24     32781   305/1412       22% 0.916254      71.5164
 16715    24     32791   315/1412       22% 1.083868      71.9841
 16719    24     32801   325/1412       23% 0.937050      72.2308
 16725    24     32811   335/1412       24% 0.330099      72.3507
 16727    24     32821   345/1412       24% 0.025026      72.0652
 16729    24     32831   355/1412       25% 0.302857      72.0070
 16731    24     32841   365/1412       26% 1.421156      71.5753
 16741    24     32851   375/1412       27% 0.193406      71.6667
 16744    24     32861   385/1412       27% 2.041262      71.5909
 16749    24     32871   395/1412       28% 0.656550      71.6456
 16752    24     32881   405/1412       29% 1.466027      71.7593
 16756    24     32891   415/1412       29% 0.610071      71.6867
 16758    24     32901   425/1412       30% 1.534522      71.5882
 16761    24     32911   435/1412       31% 0.888998      71.4080
 16764    24     32921   445/1412       32% 0.305291      71.4607
 16769    24     32931   455/1412       32% 1.691266      71.3462
 16782    24     32941   465/1412       33% 1.694981      71.4247
 16785    24     32951   475/1412       34% 0.036467      71.5263
 16787    24     32961   485/1412       34% 1.592717      71.7526
 16790    24     32971   495/1412       35% 0.496569      71.9697
 16806    24     32981   505/1412       36% 0.910958      72.0297
 16808    24     32991   515/1412       36% 0.871329      71.9660
 16811    24     33001   525/1412       37% 0.874440      71.9286
 16814    24     33011   535/1412       38% 2.966904      71.8692
 16819    24     33021   545/1412       39% 1.925122      71.8807
 16821    24     33031   555/1412       39% 1.206028      71.8694
 16824    24     33041   565/1412       40% 0.883481      71.9027
 16826    24     33051   575/1412       41% 1.628223      71.9348
 16828    24     33061   585/1412       41% 1.467362      71.8590
 16832    24     33071   595/1412       42% 0.191473      71.9958
 16836    24     33081   605/1412       43% 1.889719      72.0868
 16838    24     33091   615/1412       44% 1.306440      72.0122
 16843    24     33101   625/1412       44% 0.487012      72.1200
 16847    24     33111   635/1412       45% 1.808001      72.0079
 16852    24     33121   645/1412       46% 0.557629      71.8605
 16854    24     33131   655/1412       46% 0.613815      71.7748
 16869    24     33141   665/1412       47% 0.621502      71.8421
 16872    24     33151   675/1412       48% 0.428628      71.9074
 16874    24     33161   685/1412       49% 1.984487      71.7883
 16877    24     33171   695/1412       49% 0.760748      71.7446
 16880    24     33181   705/1412       50% 1.958867      71.8440
 16882    24     33191   715/1412       51% 1.619282      71.8706
 16898    24     33201   725/1412       51% 1.355935      71.7414
 16902    24     33211   735/1412       52% 0.162382      71.8707
 16908    24     33221   745/1412       53% 0.342643      71.9295
 16911    24     33231   755/1412       53% 0.502503      71.8212
 16915    24     33241   765/1412       54% 1.308683      71.9444
 16919    24     33251   775/1412       55% 0.999615      71.8226
 16922    24     33261   785/1412       56% 0.775603      71.7357
 16925    24     33271   795/1412       56% 0.867474      71.6509
 16927    24     33281   805/1412       57% 0.659999      71.5994
 16929    24     33291   815/1412       58% 1.424369      71.5951
 16933    24     33301   825/1412       58% 0.033232      71.4091
 16937    24     33311   835/1412       59% 0.971006      71.4970
 16942    24     33321   845/1412       60% 0.034046      71.6124
 16944    24     33331   855/1412       61% 0.201463      71.5789
 16947    24     33341   865/1412       61% 0.370002      71.5462
 16950    24     33351   875/1412       62% 1.203749      71.5714
 16965    24     33361   885/1412       63% 1.112066      71.5678
 16968    24     33371   895/1412       63% 0.921923      71.5642
 16973    24     33381   905/1412       64% 0.324693      71.5470
 16976    24     33391   915/1412       65% 1.066857      71.4617
 16979    24     33401   925/1412       66% 0.968531      71.4730
 16982    24     33411   935/1412       66% 1.145858      71.4706
 16984    24     33421   945/1412       67% 0.624483      71.3889
 16988    24     33431   955/1412       68% 1.689008      71.3482
 16990    24     33441   965/1412       68% 0.669979      71.2306
 16993    24     33451   975/1412       69% 1.690172      71.3205
 16997    24     33461   985/1412       70% 1.465749      71.3198
 17015    24     33471   995/1412       70% 0.823276      71.2563
 17018    24     33481  1005/1412       71% 1.195774      71.3060
 17020    24     33491  1015/1412       72% 0.126204      71.2069
 17022    24     33501  1025/1412       73% 0.599210      71.2439
 17026    24     33511  1035/1412       73% 0.796538      71.2923
 17029    24     33521  1045/1412       74% 2.549582      71.3038
 17033    24     33531  1055/1412       75% 0.289167      71.2915
 17049    24     33541  1065/1412       75% 1.144971      71.3380
 17051    24     33551  1075/1412       76% 0.558975      71.2791
 17054    24     33561  1085/1412       77% 0.627771      71.2673
 17060    24     33571  1095/1412       78% 0.910223      71.3014
 17063    24     33581  1105/1412       78% 1.428190      71.2896
 17066    24     33591  1115/1412       79% 0.738589      71.3004
 17070    24     33601  1125/1412       80% 2.024277      71.2444
 17073    24     33611  1135/1412       80% 2.238153      71.2225
 17077    24     33621  1145/1412       81% 2.704658      71.2009
 17080    24     33631  1155/1412       82% 0.253237      71.1688
 17085    24     33641  1165/1412       83% 0.218390      71.2446
 17087    24     33651  1175/1412       83% 0.344810      71.2447
 17103    24     33661  1185/1412       84% 1.013984      71.1920
 17106    24     33671  1195/1412       85% 2.898841      71.2029
 17110    24     33681  1205/1412       85% 0.718357      71.1411
 17114    24     33691  1215/1412       86% 1.213127      71.2243
 17116    24     33701  1225/1412       87% 1.364858      71.1633
 17119    24     33711  1235/1412       87% 1.615371      71.1741
 17122    24     33721  1245/1412       88% 0.703955      71.0944
 17125    24     33731  1255/1412       89% 1.993881      71.0757
 17127    24     33741  1265/1412       90% 0.522274      70.9585
 17133    24     33751  1275/1412       90% 1.132407      70.9608
 17139    24     33761  1285/1412       91% 2.800915      70.9922
 17149    24     33771  1295/1412       92% 0.610226      71.0039
 17152    24     33781  1305/1412       92% 0.904938      70.9770
 17154    24     33791  1315/1412       93% 2.484815      70.9221
 17166    24     33801  1325/1412       94% 1.286477      70.9623
 17169    24     33811  1335/1412       95% 2.406929      70.9363
 17172    24     33821  1345/1412       95% 0.493533      71.0130
 17175    24     33831  1355/1412       96% 0.927579      71.0517
 17177    24     33841  1365/1412       97% 1.178686      71.0714
 17180    24     33851  1375/1412       97% 1.632703      71.0727
 17184    24     33861  1385/1412       98% 2.862816      71.0469
 17187    24     33871  1395/1412       99% 0.413314      71.0753
 17194    24     33881  1405/1412      100% 1.390715      71.0498

  Time Epoch Iteration Progress     Dev/Acc. Dev/Pr.  Dev/Recall   Dev/F1       Dev/Loss
 17303    24     33888    24/30     0.6601   0.6601   0.6601       0.6601       1.2250

  Time Epoch Iteration Progress    (%Epoch)   Loss     Accuracy
 17304    25     33891     3/1412        0% 1.091449      79.1667
 17320    25     33901    13/1412        1% 0.801788      78.8462
 17323    25     33911    23/1412        2% 0.432699      77.7174
 17326    25     33921    33/1412        2% 0.404375      77.6515
 17331    25     33931    43/1412        3% 0.559119      75.8721
 17333    25     33941    53/1412        4% 0.284622      74.2925
 17337    25     33951    63/1412        4% 1.050971      74.6032
 17339    25     33961    73/1412        5% 0.872294      74.4863
 17342    25     33971    83/1412        6% 3.210865      73.6446
 17346    25     33981    93/1412        7% 0.020251      73.5215
 17348    25     33991   103/1412        7% 0.197055      73.3010
 17351    25     34001   113/1412        8% 0.508175      73.6726
 17355    25     34011   123/1412        9% 1.843038      73.3740
 17373    25     34021   133/1412        9% 1.114844      73.2143
 17376    25     34031   143/1412       10% 4.442041      73.6888
 17380    25     34041   153/1412       11% 0.077104      73.6111
 17382    25     34051   163/1412       12% 1.928087      73.0061
 17385    25     34061   173/1412       12% 0.313926      73.6272
 17387    25     34071   183/1412       13% 0.979520      73.0191
 17393    25     34081   193/1412       14% 0.098455      72.6684
 17396    25     34091   203/1412       14% 2.336909      72.9680
 17402    25     34101   213/1412       15% 1.274615      72.9460
 17419    25     34111   223/1412       16% 0.769664      72.5897
 17421    25     34121   233/1412       17% 0.783342      72.2639
 17424    25     34131   243/1412       17% 1.665120      72.2222
 17426    25     34141   253/1412       18% 1.185608      71.5415
 17429    25     34151   263/1412       19% 0.238725      71.9106
 17433    25     34161   273/1412       19% 0.773979      71.9322
 17437    25     34171   283/1412       20% 0.337260      72.1731
 17439    25     34181   293/1412       21% 0.987438      72.0990
 17443    25     34191   303/1412       21% 1.404857      72.0710
 17446    25     34201   313/1412       22% 0.508366      72.0048
 17449    25     34211   323/1412       23% 0.455941      71.6331
 17451    25     34221   333/1412       24% 1.689053      71.6216
 17454    25     34231   343/1412       24% 0.429754      71.7201
 17457    25     34241   353/1412       25% 1.273872      71.6360
 17460    25     34251   363/1412       26% 0.025650      71.9697
 17468    25     34261   373/1412       26% 1.550806      71.5483
 17471    25     34271   383/1412       27% 1.686428      71.3446
 17476    25     34281   393/1412       28% 0.009615      71.3104
 17480    25     34291   403/1412       29% 1.214184      71.3089
 17495    25     34301   413/1412       29% 1.104341      71.3378
 17498    25     34311   423/1412       30% 0.925339      71.3357
 17502    25     34321   433/1412       31% 0.446165      71.2760
 17504    25     34331   443/1412       31% 0.605244      71.3318
 17509    25     34341   453/1412       32% 0.411690      71.4680
 17513    25     34351   463/1412       33% 0.821161      71.7603
 17516    25     34361   473/1412       33% 1.096593      71.9345
 17518    25     34371   483/1412       34% 1.251749      71.9979
 17521    25     34381   493/1412       35% 0.240541      72.1349
 17523    25     34391   503/1412       36% 1.237304      71.9433
 17526    25     34401   513/1412       36% 1.144761      72.0029
 17530    25     34411   523/1412       37% 0.173184      72.0841
 17532    25     34421   533/1412       38% 0.642080      72.1154
 17536    25     34431   543/1412       38% 2.272680      72.1915
 17538    25     34441   553/1412       39% 1.104262      72.1067
 17541    25     34451   563/1412       40% 1.190197      72.1137
 17552    25     34461   573/1412       41% 1.056126      72.1422
 17555    25     34471   583/1412       41% 0.990148      72.0197
 17558    25     34481   593/1412       42% 2.124563      71.9013
 17561    25     34491   603/1412       43% 0.368925      71.9320
 17565    25     34501   613/1412       43% 1.386565      71.9617
 17567    25     34511   623/1412       44% 0.347435      71.7496
 17569    25     34521   633/1412       45% 1.120409      71.8009
 17571    25     34531   643/1412       46% 1.259633      71.5785
 17575    25     34541   653/1412       46% 0.427421      71.4969
 17579    25     34551   663/1412       47% 0.688024      71.5498
 17583    25     34561   673/1412       48% 0.543574      71.5639
 17585    25     34571   683/1412       48% 0.756764      71.5410
 17602    25     34581   693/1412       49% 0.759800      71.7172
 17607    25     34591   703/1412       50% 0.920212      71.6750
 17611    25     34601   713/1412       50% 2.161151      71.5638
 17613    25     34611   723/1412       51% 0.452214      71.4385
 17615    25     34621   733/1412       52% 0.711000      71.3165
 17618    25     34631   743/1412       53% 0.034554      71.3997
 17636    25     34641   753/1412       53% 0.809857      71.4309
 17639    25     34651   763/1412       54% 0.863985      71.5433
 17643    25     34661   773/1412       55% 0.017100      71.6365
 17645    25     34671   783/1412       55% 0.472982      71.5996
 17648    25     34681   793/1412       56% 1.195070      71.4533
 17653    25     34691   803/1412       57% 0.955966      71.5909
 17657    25     34701   813/1412       58% 0.635198      71.6328
 17660    25     34711   823/1412       58% 0.327167      71.5978
 17664    25     34721   833/1412       59% 0.351703      71.5336
 17668    25     34731   843/1412       60% 0.739753      71.6340
 17672    25     34741   853/1412       60% 0.419060      71.6295
 17686    25     34751   863/1412       61% 0.861658      71.5817
 17689    25     34761   873/1412       62% 2.442614      71.5349
 17693    25     34771   883/1412       63% 0.606045      71.5317
 17695    25     34781   893/1412       63% 1.436516      71.4866
 17697    25     34791   903/1412       64% 1.597730      71.5116
 17701    25     34801   913/1412       65% 0.046627      71.5498
 17704    25     34811   923/1412       65% 1.533878      71.5060
 17707    25     34821   933/1412       66% 1.166830      71.5434
 17711    25     34831   943/1412       67% 1.380648      71.5270
 17714    25     34841   953/1412       67% 0.922978      71.5897
 17717    25     34851   963/1412       68% 0.622485      71.5213
 17721    25     34861   973/1412       69% 0.438244      71.6213
 17724    25     34871   983/1412       70% 0.472699      71.6429
 17739    25     34881   993/1412       70% 0.318290      71.6138
 17743    25     34891  1003/1412       71% 2.538355      71.6226
 17745    25     34901  1013/1412       72% 1.871970      71.5696
 17748    25     34911  1023/1412       72% 0.927171      71.6398
 17761    25     34921  1033/1412       73% 1.883147      71.6118
 17764    25     34931  1043/1412       74% 0.924452      71.5964
 17769    25     34941  1053/1412       75% 0.543092      71.5931
 17774    25     34951  1063/1412       75% 1.078563      71.5193
 17778    25     34961  1073/1412       76% 0.735230      71.4469
 17781    25     34971  1083/1412       77% 0.755209      71.5836
 17785    25     34981  1093/1412       77% 0.185062      71.5805
 17788    25     34991  1103/1412       78% 0.386155      71.6342
 17803    25     35001  1113/1412       79% 0.956654      71.6757
 17807    25     35011  1123/1412       80% 1.229971      71.6273
 17811    25     35021  1133/1412       80% 0.230662      71.5468
 17813    25     35031  1143/1412       81% 1.207407      71.5114
 17816    25     35041  1153/1412       82% 1.228480      71.5525
 17820    25     35051  1163/1412       82% 0.484874      71.6036
 17822    25     35061  1173/1412       83% 0.566480      71.6752
 17826    25     35071  1183/1412       84% 1.166254      71.7139
 17828    25     35081  1193/1412       84% 2.964530      71.6366
 17834    25     35091  1203/1412       85% 0.275177      71.6646
 17837    25     35101  1213/1412       86% 0.207347      71.6612
 17840    25     35111  1223/1412       87% 1.426465      71.5760
 17843    25     35121  1233/1412       87% 0.536315      71.5937
 17855    25     35131  1243/1412       88% 0.750973      71.5507
 17858    25     35141  1253/1412       89% 0.652939      71.5184
 17862    25     35151  1263/1412       89% 0.445106      71.6449
 17865    25     35161  1273/1412       90% 0.706727      71.6123
 17867    25     35171  1283/1412       91% 0.628586      71.6387
 17871    25     35181  1293/1412       92% 0.758948      71.6261
 17873    25     35191  1303/1412       92% 0.163347      71.5656
 17876    25     35201  1313/1412       93% 1.390364      71.5442
 17882    25     35211  1323/1412       94% 0.096783      71.6364
 17884    25     35221  1333/1412       94% 1.735432      71.5960
 17887    25     35231  1343/1412       95% 0.271230      71.6214
 17890    25     35241  1353/1412       96% 0.611471      71.5632
 17893    25     35251  1363/1412       97% 0.178070      71.5517
 17896    25     35261  1373/1412       97% 2.321359      71.5313
 17898    25     35271  1383/1412       98% 1.156273      71.5474
 17913    25     35281  1393/1412       99% 2.493090      71.5093
 17916    25     35291  1403/1412       99% 2.342930      71.4986

  Time Epoch Iteration Progress     Dev/Acc. Dev/Pr.  Dev/Recall   Dev/F1       Dev/Loss
 18033    25     35300    25/30     0.6835   0.6835   0.6835       0.6835       1.2095
Early Stopping. Epoch: 25, Best Dev F1: 0.6852048962213944
Evaluation metrics for dev
['accuracy', 'precision', 'recall', 'f1', 'cross_entropy_loss']
[0.6852048962213944, 0.6852048962213944, 0.6852048962213944, 0.6852048962213944, 1.1681761219839806]
Evaluation metrics for test
['accuracy', 'precision', 'recall', 'f1', 'cross_entropy_loss']
[0.6852048962213944, 0.6852048962213944, 0.6852048962213944, 0.6852048962213944, 1.1681761219839806]