30807     8     27691  1441/3750       38% 0.534888      87.3308
 30811     8     27701  1451/3750       39% 0.259204      87.3535
 30815     8     27711  1461/3750       39% 0.994757      87.3417
 30820     8     27721  1471/3750       39% 0.355369      87.3492
 30824     8     27731  1481/3750       39% 0.446359      87.3460
 30829     8     27741  1491/3750       40% 0.248651      87.3051
 30833     8     27751  1501/3750       40% 0.048128      87.3001
 30838     8     27761  1511/3750       40% 0.368266      87.3118
 30843     8     27771  1521/3750       41% 0.354146      87.3192
 30847     8     27781  1531/3750       41% 0.242144      87.3265
 30851     8     27791  1541/3750       41% 0.481104      87.3378
 30855     8     27801  1551/3750       41% 0.224208      87.3368
 30860     8     27811  1561/3750       42% 0.577065      87.3158
 30864     8     27821  1571/3750       42% 0.572939      87.3230
 30869     8     27831  1581/3750       42% 0.520639      87.3340
 30873     8     27841  1591/3750       42% 0.404725      87.3507
 30877     8     27851  1601/3750       43% 0.182019      87.3536
 30882     8     27861  1611/3750       43% 0.434312      87.3565
 30886     8     27871  1621/3750       43% 0.694390      87.3516
 30890     8     27881  1631/3750       43% 0.344833      87.3659
 30895     8     27891  1641/3750       44% 0.356553      87.3686
 30900     8     27901  1651/3750       44% 0.359869      87.3618
 30904     8     27911  1661/3750       44% 0.294539      87.3382
 30908     8     27921  1671/3750       45% 0.344057      87.3523
 30913     8     27931  1681/3750       45% 0.172681      87.3476
 30917     8     27941  1691/3750       45% 0.291144      87.3281
 30921     8     27951  1701/3750       45% 0.297919      87.3144
 30925     8     27961  1711/3750       46% 0.385184      87.3082
 30929     8     27971  1721/3750       46% 0.553213      87.3075
 30934     8     27981  1731/3750       46% 1.243660      87.2761
 30938     8     27991  1741/3750       46% 1.034721      87.2613
 30943     8     28001  1751/3750       47% 0.266484      87.2609
 30947     8     28011  1761/3750       47% 0.144894      87.2746
 30952     8     28021  1771/3750       47% 0.217418      87.2830
 30956     8     28031  1781/3750       47% 0.845639      87.2754
 30961     8     28041  1791/3750       48% 0.293018      87.2924
 30965     8     28051  1801/3750       48% 0.236922      87.3057
 30970     8     28061  1811/3750       48% 0.432576      87.2981
 30974     8     28071  1821/3750       49% 0.453854      87.2889
 30979     8     28081  1831/3750       49% 0.164935      87.2867
 30983     8     28091  1841/3750       49% 0.241355      87.2827
 30987     8     28101  1851/3750       49% 0.510309      87.2721
 30992     8     28111  1861/3750       50% 0.612557      87.2851
 30996     8     28121  1871/3750       50% 0.284036      87.2762
 31000     8     28131  1881/3750       50% 0.693642      87.2707
 31005     8     28141  1891/3750       50% 0.265486      87.2901
 31009     8     28151  1901/3750       51% 0.221145      87.2896
 31014     8     28161  1911/3750       51% 0.839375      87.2776
 31018     8     28171  1921/3750       51% 0.457534      87.2901
 31022     8     28181  1931/3750       51% 0.577019      87.2945
 31026     8     28191  1941/3750       52% 1.006002      87.3004
 31030     8     28201  1951/3750       52% 0.360275      87.3062
 31035     8     28211  1961/3750       52% 0.316071      87.3167
 31039     8     28221  1971/3750       53% 0.425971      87.3145
 31044     8     28231  1981/3750       53% 0.418828      87.3170
 31048     8     28241  1991/3750       53% 0.133697      87.3383
 31053     8     28251  2001/3750       53% 0.318572      87.3282
 31057     8     28261  2011/3750       54% 0.377526      87.3135
 31061     8     28271  2021/3750       54% 1.019999      87.2974
 31066     8     28281  2031/3750       54% 0.614779      87.2984
 31070     8     28291  2041/3750       54% 0.541293      87.2933
 31074     8     28301  2051/3750       55% 0.191841      87.2958
 31079     8     28311  2061/3750       55% 0.492488      87.2877
 31083     8     28321  2071/3750       55% 0.270619      87.3023
 31088     8     28331  2081/3750       55% 0.496118      87.3198
 31093     8     28341  2091/3750       56% 0.349783      87.3326
 31097     8     28351  2101/3750       56% 0.754241      87.3349
 31101     8     28361  2111/3750       56% 0.154246      87.3401
 31105     8     28371  2121/3750       57% 0.232184      87.3335
 31110     8     28381  2131/3750       57% 0.214185      87.3460
 31115     8     28391  2141/3750       57% 0.220671      87.3599
 31119     8     28401  2151/3750       57% 0.263066      87.3605
 31124     8     28411  2161/3750       58% 0.298873      87.3742
 31128     8     28421  2171/3750       58% 0.285059      87.3618
 31132     8     28431  2181/3750       58% 0.453915      87.3653
 31136     8     28441  2191/3750       58% 0.394834      87.3659
 31141     8     28451  2201/3750       59% 0.166766      87.3680
 31145     8     28461  2211/3750       59% 0.379275      87.3770
 31149     8     28471  2221/3750       59% 0.289832      87.3677
 31153     8     28481  2231/3750       59% 0.276478      87.3767
 31158     8     28491  2241/3750       60% 0.448223      87.3661
 31162     8     28501  2251/3750       60% 0.342427      87.3487
 31166     8     28511  2261/3750       60% 0.206518      87.3590
 31171     8     28521  2271/3750       61% 0.187638      87.3679
 31175     8     28531  2281/3750       61% 0.488683      87.3603
 31180     8     28541  2291/3750       61% 0.331646      87.3568
 31185     8     28551  2301/3750       61% 0.817097      87.3547
 31189     8     28561  2311/3750       62% 0.188585      87.3553
 31193     8     28571  2321/3750       62% 0.264178      87.3438
 31198     8     28581  2331/3750       62% 0.856472      87.3271
 31202     8     28591  2341/3750       62% 0.330163      87.3398
 31207     8     28601  2351/3750       63% 0.372460      87.3418
 31211     8     28611  2361/3750       63% 0.433318      87.3385
 31215     8     28621  2371/3750       63% 0.304246      87.3352
 31220     8     28631  2381/3750       63% 0.233955      87.3438
 31224     8     28641  2391/3750       64% 0.458107      87.3314
 31229     8     28651  2401/3750       64% 0.437901      87.3295
 31233     8     28661  2411/3750       64% 0.230424      87.3250
 31237     8     28671  2421/3750       65% 0.569833      87.3270
 31242     8     28681  2431/3750       65% 0.353561      87.3290
 31246     8     28691  2441/3750       65% 0.199281      87.3272
 31250     8     28701  2451/3750       65% 0.321798      87.3088
 31256     8     28711  2461/3750       66% 0.161962      87.3121
 31260     8     28721  2471/3750       66% 0.640036      87.3040
 31264     8     28731  2481/3750       66% 0.286139      87.3010
 31268     8     28741  2491/3750       66% 0.323049      87.3043
 31272     8     28751  2501/3750       67% 0.181057      87.3051
 31277     8     28761  2511/3750       67% 0.383985      87.3034
 31282     8     28771  2521/3750       67% 0.188466      87.3116
 31286     8     28781  2531/3750       67% 0.414858      87.3099
 31290     8     28791  2541/3750       68% 0.331902      87.2983
 31294     8     28801  2551/3750       68% 0.222784      87.2844
 31299     8     28811  2561/3750       68% 0.758151      87.2791
 31303     8     28821  2571/3750       69% 0.296816      87.2946
 31307     8     28831  2581/3750       69% 0.292133      87.2930
 31312     8     28841  2591/3750       69% 0.435770      87.2986
 31316     8     28851  2601/3750       69% 0.282116      87.2885
 31320     8     28861  2611/3750       70% 0.272349      87.2917
 31325     8     28871  2621/3750       70% 0.334153      87.2854
 31329     8     28881  2631/3750       70% 0.141629      87.2779
 31334     8     28891  2641/3750       70% 0.361532      87.2823
 31338     8     28901  2651/3750       71% 0.369493      87.2796
 31343     8     28911  2661/3750       71% 0.565201      87.2686
 31347     8     28921  2671/3750       71% 0.788008      87.2508
 31351     8     28931  2681/3750       71% 0.551302      87.2331
 31356     8     28941  2691/3750       72% 0.406851      87.2248
 31360     8     28951  2701/3750       72% 0.329458      87.2270
 31364     8     28961  2711/3750       72% 0.343147      87.2395
 31369     8     28971  2721/3750       73% 0.606132      87.2255
 31375     8     28981  2731/3750       73% 0.704893      87.2219
 31379     8     28991  2741/3750       73% 0.198333      87.2275
 31383     8     29001  2751/3750       73% 0.623419      87.2160
 31388     8     29011  2761/3750       74% 0.323398      87.2159
 31392     8     29021  2771/3750       74% 0.212044      87.2057
 31396     8     29031  2781/3750       74% 0.286438      87.2078
 31400     8     29041  2791/3750       74% 0.484603      87.1977
 31404     8     29051  2801/3750       75% 0.522632      87.1865
 31409     8     29061  2811/3750       75% 0.480298      87.1821
 31413     8     29071  2821/3750       75% 0.237978      87.1909
 31418     8     29081  2831/3750       75% 0.173585      87.1909
 31422     8     29091  2841/3750       76% 0.194166      87.1986
 31426     8     29101  2851/3750       76% 0.144476      87.1975
 31431     8     29111  2861/3750       76% 0.345235      87.1963
 31435     8     29121  2871/3750       77% 0.442005      87.2050
 31440     8     29131  2881/3750       77% 0.822210      87.2093
 31444     8     29141  2891/3750       77% 0.789981      87.1865
 31449     8     29151  2901/3750       77% 0.688584      87.1768
 31453     8     29161  2911/3750       78% 0.029641      87.1737
 31457     8     29171  2921/3750       78% 0.858155      87.1491
 31462     8     29181  2931/3750       78% 0.507152      87.1450
 31467     8     29191  2941/3750       78% 1.415611      87.1185
 31471     8     29201  2951/3750       79% 0.983787      87.0828
 31475     8     29211  2961/3750       79% 0.483775      87.0694
 31480     8     29221  2971/3750       79% 0.384231      87.0456
 31484     8     29231  2981/3750       79% 0.421688      87.0241
 31489     8     29241  2991/3750       80% 0.968505      87.0037
 31493     8     29251  3001/3750       80% 0.740346      86.9939
 31497     8     29261  3011/3750       80% 0.534386      86.9800
 31502     8     29271  3021/3750       81% 1.075564      86.9600
 31506     8     29281  3031/3750       81% 0.596963      86.9422
 31512     8     29291  3041/3750       81% 0.724285      86.9358
 31516     8     29301  3051/3750       81% 0.461072      86.9274
 31520     8     29311  3061/3750       82% 0.490818      86.9099
 31525     8     29321  3071/3750       82% 1.101536      86.8925
 31529     8     29331  3081/3750       82% 0.829358      86.8711
 31534     8     29341  3091/3750       82% 0.228360      86.8499
 31538     8     29351  3101/3750       83% 0.718417      86.8450
 31542     8     29361  3111/3750       83% 0.837792      86.8320
 31546     8     29371  3121/3750       83% 0.751118      86.8151
 31551     8     29381  3131/3750       83% 0.298752      86.7964
 31555     8     29391  3141/3750       84% 0.281364      86.7896
 31560     8     29401  3151/3750       84% 0.446046      86.7582
 31564     8     29411  3161/3750       84% 0.401052      86.7348
 31568     8     29421  3171/3750       85% 0.873746      86.7146
 31573     8     29431  3181/3750       85% 0.905279      86.7092
 31578     8     29441  3191/3750       85% 0.811346      86.6921
 31582     8     29451  3201/3750       85% 0.619850      86.6624
 31587     8     29461  3211/3750       86% 0.837255      86.6280
 31591     8     29471  3221/3750       86% 0.407474      86.6123
 31595     8     29481  3231/3750       86% 1.186766      86.5995
 31601     8     29491  3241/3750       86% 0.804258      86.5792
 31605     8     29501  3251/3750       87% 0.523949      86.5589
 31609     8     29511  3261/3750       87% 0.879445      86.5455
 31614     8     29521  3271/3750       87% 0.831724      86.5246
 31618     8     29531  3281/3750       87% 0.767596      86.5066
 31623     8     29541  3291/3750       88% 0.697634      86.4764
 31627     8     29551  3301/3750       88% 0.286385      86.4388
 31631     8     29561  3311/3750       88% 1.107785      86.3929
 31636     8     29571  3321/3750       89% 1.235444      86.3680
 31640     8     29581  3331/3750       89% 1.127562      86.3245
 31645     8     29591  3341/3750       89% 0.694012      86.3056
 31649     8     29601  3351/3750       89% 1.319637      86.2765
 31654     8     29611  3361/3750       90% 0.708483      86.2383
 31659     8     29621  3371/3750       90% 1.293005      86.2068
 31663     8     29631  3381/3750       90% 0.491360      86.1912
 31668     8     29641  3391/3750       90% 0.733301      86.1637
 31672     8     29651  3401/3750       91% 0.930510      86.1309
 31677     8     29661  3411/3750       91% 0.161121      86.1139
 31681     8     29671  3421/3750       91% 0.589264      86.0869
 31685     8     29681  3431/3750       91% 0.875063      86.0636
 31690     8     29691  3441/3750       92% 0.524176      86.0242
 31695     8     29701  3451/3750       92% 0.761074      85.9977
 31700     8     29711  3461/3750       92% 0.845339      85.9497
 31704     8     29721  3471/3750       93% 0.616032      85.9145
 31708     8     29731  3481/3750       93% 0.871190      85.8715
 31713     8     29741  3491/3750       93% 0.817010      85.8440
 31717     8     29751  3501/3750       93% 1.589082      85.8121
 31721     8     29761  3511/3750       94% 1.125551      85.7893
 31726     8     29771  3521/3750       94% 0.585647      85.7658
 31730     8     29781  3531/3750       94% 1.566070      85.7406
 31734     8     29791  3541/3750       94% 0.548047      85.7103
 31739     8     29801  3551/3750       95% 0.437974      85.6924
 31743     8     29811  3561/3750       95% 0.752051      85.6624
 31748     8     29821  3571/3750       95% 1.224809      85.6308
 31752     8     29831  3581/3750       95% 1.288381      85.6072
 31756     8     29841  3591/3750       96% 0.568827      85.5777
 31762     8     29851  3601/3750       96% 1.219524      85.5457
 31767     8     29861  3611/3750       96% 0.668450      85.5156
 31771     8     29871  3621/3750       97% 0.705549      85.4607
 31775     8     29881  3631/3750       97% 0.860773      85.4164
 31779     8     29891  3641/3750       97% 0.571080      85.3835
 31784     8     29901  3651/3750       97% 0.463557      85.3568
 31789     8     29911  3661/3750       98% 0.992679      85.3216
 31794     8     29921  3671/3750       98% 0.810570      85.2876
 31798     8     29931  3681/3750       98% 1.514066      85.2537
 31802     8     29941  3691/3750       98% 1.064676      85.2183
 31807     8     29951  3701/3750       99% 0.567762      85.1805
 31811     8     29961  3711/3750       99% 2.118382      85.1379
 31816     8     29971  3721/3750       99% 1.033300      85.1107
 31821     8     29981  3731/3750       99% 1.258506      85.0635
 31825     8     29991  3741/3750      100% 0.502688      85.0307

  Time Epoch Iteration Progress     Dev/Acc. Dev/Pr.  Dev/Recall   Dev/F1       Dev/Loss
 31847     8     30000     8/30     0.8472   0.8472   0.8472       0.8472       0.4591

  Time Epoch Iteration Progress    (%Epoch)   Loss     Accuracy
 31848     9     30001     1/3750        0% 0.622588      75.0000
 31852     9     30011    11/3750        0% 0.402901      74.1477
 31857     9     30021    21/3750        1% 0.983410      72.0238
 31861     9     30031    31/3750        1% 1.050831      70.2621
 31866     9     30041    41/3750        1% 0.824129      70.6555
 31870     9     30051    51/3750        1% 0.479506      70.9559
 31874     9     30061    61/3750        2% 1.364306      71.9775
 31879     9     30071    71/3750        2% 0.332788      71.8750
 31884     9     30081    81/3750        2% 0.808626      71.7593
 31888     9     30091    91/3750        2% 0.869987      72.1154
 31893     9     30101   101/3750        3% 0.556563      72.0916
 31897     9     30111   111/3750        3% 0.239745      72.2691
 31902     9     30121   121/3750        3% 1.568818      72.3140
 31906     9     30131   131/3750        3% 1.192658      72.3760
 31910     9     30141   141/3750        4% 1.280344      72.6507
 31915     9     30151   151/3750        4% 0.859734      72.7028
 31919     9     30161   161/3750        4% 0.423757      72.9814
 31924     9     30171   171/3750        5% 2.223539      72.6060
 31929     9     30181   181/3750        5% 0.711362      72.6692
 31933     9     30191   191/3750        5% 1.380059      72.7585
 31938     9     30201   201/3750        5% 0.461951      72.5124
 31942     9     30211   211/3750        6% 1.197491      72.3489
 31947     9     30221   221/3750        6% 0.655340      72.3416
 31951     9     30231   231/3750        6% 1.097279      72.2673
 31956     9     30241   241/3750        6% 0.918382      72.2770
 31960     9     30251   251/3750        7% 0.379755      72.4477
 31964     9     30261   261/3750        7% 0.541162      72.5814
 31970     9     30271   271/3750        7% 0.455859      72.6361
 31974     9     30281   281/3750        7% 1.264995      72.5867
 31979     9     30291   291/3750        8% 0.553668      72.7019
 31983     9     30301   301/3750        8% 0.983025      72.6537
 31988     9     30311   311/3750        8% 0.475046      72.7592
 31992     9     30321   321/3750        9% 0.625804      72.7220
 31997     9     30331   331/3750        9% 0.352851      72.8569
 32001     9     30341   341/3750        9% 1.495152      72.8739
 32005     9     30351   351/3750        9% 1.281885      72.7831
 32010     9     30361   361/3750       10% 1.157504      72.7493
 32015     9     30371   371/3750       10% 0.994512      72.7510
 32020     9     30381   381/3750       10% 1.354039      72.7936
 32024     9     30391   391/3750       10% 0.896705      72.7542
 32029     9     30401   401/3750       11% 0.961710      72.6621
 32034     9     30411   411/3750       11% 0.581139      72.4453
 32037     9     30421   421/3750       11% 0.943111      72.5059
 32042     9     30431   431/3750       11% 0.980712      72.5348
 32047     9     30441   441/3750       12% 1.040020      72.5411
 32051     9     30451   451/3750       12% 1.192509      72.5956
 32056     9     30461   461/3750       12% 1.213903      72.6817
 32060     9     30471   471/3750       13% 0.334786      72.7906
 32065     9     30481   481/3750       13% 0.517079      72.7651
 32070     9     30491   491/3750       13% 0.867096      72.7469
 32074     9     30501   501/3750       13% 0.513300      72.7732
 32078     9     30511   511/3750       14% 0.552449      72.7250
 32082     9     30521   521/3750       14% 0.998839      72.7447
 32087     9     30531   531/3750       14% 0.644818      72.7990
 32091     9     30541   541/3750       14% 0.601162      72.8339
 32097     9     30551   551/3750       15% 0.777717      72.8675
 32101     9     30561   561/3750       15% 0.548714      72.8387
 32105     9     30571   571/3750       15% 1.120009      72.8765
 32110     9     30581   581/3750       15% 1.082575      72.8808
 32115     9     30591   591/3750       16% 1.395356      72.8532
 32119     9     30601   601/3750       16% 1.044696      72.9149
 32124     9     30611   611/3750       16% 0.748495      72.9081
 32128     9     30621   621/3750       17% 0.885930      72.9670
 32132     9     30631   631/3750       17% 0.689697      73.0289
 32138     9     30641   641/3750       17% 0.529888      73.0645
 32142     9     30651   651/3750       17% 0.896931      73.1279
 32147     9     30661   661/3750       18% 0.600141      73.1798
 32151     9     30671   671/3750       18% 0.603657      73.2675
 32156     9     30681   681/3750       18% 0.857792      73.3618
 32160     9     30691   691/3750       18% 0.488229      73.4171
 32165     9     30701   701/3750       19% 0.738745      73.4977
 32169     9     30711   711/3750       19% 0.656647      73.5496
 32173     9     30721   721/3750       19% 0.466540      73.6347
 32178     9     30731   731/3750       19% 0.833941      73.6406
 32182     9     30741   741/3750       20% 0.496020      73.6463
 32187     9     30751   751/3750       20% 1.238156      73.6601
 32191     9     30761   761/3750       20% 1.242827      73.6654
 32196     9     30771   771/3750       21% 0.585987      73.6584
 32201     9     30781   781/3750       21% 0.614028      73.6676
 32206     9     30791   791/3750       21% 1.075683      73.6528
 32210     9     30801   801/3750       21% 0.463282      73.6423
 32215     9     30811   811/3750       22% 0.855527      73.6783
 32220     9     30821   821/3750       22% 1.221853      73.6754
 32224     9     30831   831/3750       22% 0.420516      73.7327
 32228     9     30841   841/3750       22% 0.757588      73.7589
 32233     9     30851   851/3750       23% 1.091576      73.7515
 32237     9     30861   861/3750       23% 0.963249      73.7515
 32242     9     30871   871/3750       23% 0.439386      73.8124
 32247     9     30881   881/3750       23% 0.554663      73.8401
 32250     9     30891   891/3750       24% 0.623652      73.8917
 32255     9     30901   901/3750       24% 0.697647      73.9456
 32259     9     30911   911/3750       24% 0.831693      73.9606
 32264     9     30921   921/3750       25% 0.622943      74.0024
 32269     9     30931   931/3750       25% 0.761858      74.0232
 32273     9     30941   941/3750       25% 0.926801      74.0104
 32278     9     30951   951/3750       25% 0.513756      74.0865
 32282     9     30961   961/3750       26% 1.175533      74.0570
 32287     9     30971   971/3750       26% 0.283754      74.0956
 32292     9     30981   981/3750       26% 0.845637      74.0953
 32296     9     30991   991/3750       26% 0.385705      74.0918
 32301     9     31001  1001/3750       27% 0.760651      74.0947
 32305     9     31011  1011/3750       27% 0.515661      74.1036
 32310     9     31021  1021/3750       27% 0.902188      74.1063
 32314     9     31031  1031/3750       27% 1.212427      74.0725
 32319     9     31041  1041/3750       28% 1.297403      74.0724
 32323     9     31051  1051/3750       28% 0.842575      74.0872
 32328     9     31061  1061/3750       28% 1.040229      74.1164
 32332     9     31071  1071/3750       29% 0.535026      74.1363
 32336     9     31081  1081/3750       29% 0.874890      74.1154
 32342     9     31091  1091/3750       29% 0.905205      74.0977
 32346     9     31101  1101/3750       29% 0.933481      74.0946
 32351     9     31111  1111/3750       30% 0.219546      74.1449
 32356     9     31121  1121/3750       30% 1.112535      74.1916
 32359     9     31131  1131/3750       30% 1.217757      74.2181
 32364     9     31141  1141/3750       30% 0.366825      74.2797
 32368     9     31151  1151/3750       31% 0.429859      74.2724
 32373     9     31161  1161/3750       31% 0.856643      74.3002
 32377     9     31171  1171/3750       31% 0.505973      74.3061
 32381     9     31181  1181/3750       31% 0.933691      74.2909
 32386     9     31191  1191/3750       32% 1.183368      74.2811
 32391     9     31201  1201/3750       32% 0.626804      74.2428
 32396     9     31211  1211/3750       32% 0.854625      74.2000
 32400     9     31221  1221/3750       33% 1.112820      74.1580
 32405     9     31231  1231/3750       33% 0.570992      74.1496
 32409     9     31241  1241/3750       33% 1.020291      74.1136
 32414     9     31251  1251/3750       33% 0.672275      74.0907
 32418     9     31261  1261/3750       34% 0.852837      74.0484
 32423     9     31271  1271/3750       34% 0.763998      74.0411
 32427     9     31281  1281/3750       34% 0.741181      74.0144
 32431     9     31291  1291/3750       34% 0.809973      74.0076
 32436     9     31301  1301/3750       35% 0.786438      73.9840
 32441     9     31311  1311/3750       35% 0.480627      73.9583
 32446     9     31321  1321/3750       35% 0.791831      73.9142
 32451     9     31331  1331/3750       35% 0.930417      73.8707
 32455     9     31341  1341/3750       36% 0.660839      73.8698
 32460     9     31351  1351/3750       36% 0.747370      73.8643
 32464     9     31361  1361/3750       36% 0.303540      73.8497
 32468     9     31371  1371/3750       37% 0.872792      73.8352
 32473     9     31381  1381/3750       37% 1.256778      73.7916
 32477     9     31391  1391/3750       37% 0.780793      73.7779
 32482     9     31401  1401/3750       37% 1.159186      73.7598
 32487     9     31411  1411/3750       38% 0.867613      73.7310
 32491     9     31421  1421/3750       38% 1.251195      73.6783
 32496     9     31431  1431/3750       38% 1.361434      73.6854
 32500     9     31441  1441/3750       38% 1.116104      73.6554
 32504     9     31451  1451/3750       39% 0.579357      73.6410
 32510     9     31461  1461/3750       39% 0.726802      73.6118
 32514     9     31471  1471/3750       39% 0.771383      73.6043
 32519     9     31481  1481/3750       39% 1.039246      73.6095
 32523     9     31491  1491/3750       40% 0.888546      73.6188
 32527     9     31501  1501/3750       40% 0.899936      73.6197
 32532     9     31511  1511/3750       40% 0.647216      73.5957
 32536     9     31521  1521/3750       41% 0.711756      73.5865
 32541     9     31531  1531/3750       41% 1.307722      73.5671
 32545     9     31541  1541/3750       41% 0.495668      73.4912
 32549     9     31551  1551/3750       41% 0.747845      73.4627
 32554     9     31561  1561/3750       42% 1.000028      73.4465
 32558     9     31571  1571/3750       42% 0.687981      73.4484
 32563     9     31581  1581/3750       42% 0.537243      73.4721
 32568     9     31591  1591/3750       42% 0.450718      73.4876
 32573     9     31601  1601/3750       43% 1.175189      73.4678
 32577     9     31611  1611/3750       43% 0.416678      73.4540
 32582     9     31621  1621/3750       43% 0.848072      73.4635
 32586     9     31631  1631/3750       43% 1.225857      73.4442
 32591     9     31641  1641/3750       44% 1.149288      73.4518
 32595     9     31651  1651/3750       44% 0.800594      73.4214
 32599     9     31661  1661/3750       44% 0.554799      73.4177
 32604     9     31671  1671/3750       45% 1.155751      73.3954
 32608     9     31681  1681/3750       45% 0.930743      73.4031
 32614     9     31691  1691/3750       45% 1.189478      73.3959
 32618     9     31701  1701/3750       45% 0.618847      73.3760
 32623     9     31711  1711/3750       46% 0.560998      73.3544
 32628     9     31721  1721/3750       46% 0.840286      73.3585
 32632     9     31731  1731/3750       46% 0.690493      73.3427
 32636     9     31741  1741/3750       46% 0.884919      73.3648
 32640     9     31751  1751/3750       47% 0.903239      73.3688
 32645     9     31761  1761/3750       47% 0.765859      73.3497
 32649     9     31771  1771/3750       47% 0.916958      73.3784
 32654     9     31781  1781/3750       47% 0.871224      73.3787
 32659     9     31791  1791/3750       48% 0.963899      73.3703
 32663     9     31801  1801/3750       48% 0.666498      73.3603
 32668     9     31811  1811/3750       48% 1.212304      73.3590
 32673     9     31821  1821/3750       49% 1.136878      73.3577
 32677     9     31831  1831/3750       49% 0.810060      73.3581
 32682     9     31841  1841/3750       49% 0.255676      73.3857
 32686     9     31851  1851/3750       49% 0.651972      73.4029
 32690     9     31861  1861/3750       50% 0.829640      73.3880
 32694     9     31871  1871/3750       50% 0.847451      73.3749
 32699     9     31881  1881/3750       50% 0.743040      73.4034
 32703     9     31891  1891/3750       50% 0.612438      73.4218
 32708     9     31901  1901/3750       51% 0.936088      73.4186
 32713     9     31911  1911/3750       51% 0.546065      73.4236
 32717     9     31921  1921/3750       51% 0.635454      73.4383
 32721     9     31931  1931/3750       51% 0.831952      73.4513
 32726     9     31941  1941/3750       52% 0.610480      73.4319
 32730     9     31951  1951/3750       52% 0.839437      73.4415
 32735     9     31961  1961/3750       52% 0.558931      73.4510
 32739     9     31971  1971/3750       53% 0.689093      73.4430
 32744     9     31981  1981/3750       53% 0.710074      73.4825
 32749     9     31991  1991/3750       53% 0.830145      73.4791
 32753     9     32001  2001/3750       53% 0.647028      73.4555
 32757     9     32011  2011/3750       54% 0.788029      73.4694
 32762     9     32021  2021/3750       54% 0.784435      73.4429
 32767     9     32031  2031/3750       54% 0.536070      73.4475
 32771     9     32041  2041/3750       54% 0.888352      73.4597
 32775     9     32051  2051/3750       55% 0.586084      73.4870
 32780     9     32061  2061/3750       55% 0.923134      73.4746
 32785     9     32071  2071/3750       55% 0.641712      73.4805
 32789     9     32081  2081/3750       55% 0.437220      73.4893
 32794     9     32091  2091/3750       56% 0.684745      73.4980
 32798     9     32101  2101/3750       56% 0.770569      73.4977
 32803     9     32111  2111/3750       56% 1.442397      73.4915
 32808     9     32121  2121/3750       57% 0.964261      73.4795
 32813     9     32131  2131/3750       57% 0.393884      73.5130
 32817     9     32141  2141/3750       57% 0.767203      73.5200
 32822     9     32151  2151/3750       57% 0.626616      73.5312
 32826     9     32161  2161/3750       58% 0.710601      73.5351
 32830     9     32171  2171/3750       58% 1.236223      73.5620
 32835     9     32181  2181/3750       58% 0.821129      73.5614
 32839     9     32191  2191/3750       58% 0.874710      73.5680
 32844     9     32201  2201/3750       59% 0.219381      73.5901
 32848     9     32211  2211/3750       59% 0.801164      73.5810
 32852     9     32221  2221/3750       59% 0.490492      73.5902
 32856     9     32231  2231/3750       59% 0.738162      73.6091
 32860     9     32241  2241/3750       60% 0.572344      73.6055
 32866     9     32251  2251/3750       60% 0.941431      73.6090
 32870     9     32261  2261/3750       60% 0.563126      73.6303
 32875     9     32271  2271/3750       61% 0.416810      73.6501
 32880     9     32281  2281/3750       61% 0.927663      73.6437
 32884     9     32291  2291/3750       61% 0.371125      73.6373
 32889     9     32301  2301/3750       61% 1.106577      73.6473
 32894     9     32311  2311/3750       62% 0.530202      73.6572
 32899     9     32321  2321/3750       62% 0.987752      73.6792
 32904     9     32331  2331/3750       62% 0.454341      73.7076
 32908     9     32341  2341/3750       62% 0.255113      73.7105
 32912     9     32351  2351/3750       63% 0.678184      73.7067
 32917     9     32361  2361/3750       63% 0.840759      73.6896
 32921     9     32371  2371/3750       63% 1.011134      73.6925
 32925     9     32381  2381/3750       63% 0.991144      73.6967
 32929     9     32391  2391/3750       64% 0.832087      73.6969
 32934     9     32401  2401/3750       64% 0.547576      73.6946
 32938     9     32411  2411/3750       64% 0.877069      73.7039
 32943     9     32421  2421/3750       65% 0.676748      73.7247
 32948     9     32431  2431/3750       65% 0.932488      73.7325
 32952     9     32441  2441/3750       65% 0.366008      73.7569
 32957     9     32451  2451/3750       65% 0.557396      73.7594
 32961     9     32461  2461/3750       66% 0.392615      73.7543
 32966     9     32471  2471/3750       66% 0.772194      73.7644
 32970     9     32481  2481/3750       66% 1.191494      73.7807
 32975     9     32491  2491/3750       66% 0.789541      73.7919
 32979     9     32501  2501/3750       67% 0.661109      73.7867
 32984     9     32511  2511/3750       67% 0.610178      73.8090
 32989     9     32521  2521/3750       67% 1.210417      73.8162
 32993     9     32531  2531/3750       67% 0.347370      73.8345
 32998     9     32541  2541/3750       68% 0.871945      73.8452
 33002     9     32551  2551/3750       68% 0.688560      73.8767
 33007     9     32561  2561/3750       68% 0.527889      73.8750
 33010     9     32571  2571/3750       69% 1.634437      73.8502
 33015     9     32581  2581/3750       69% 0.934840      73.8389
 33020     9     32591  2591/3750       69% 0.528933      73.8590
 33024     9     32601  2601/3750       69% 0.676539      73.8706
 33029     9     32611  2611/3750       70% 0.936763      73.8857
 33033     9     32621  2621/3750       70% 0.450767      73.9162
 33038     9     32631  2631/3750       70% 0.619548      73.9370
 33042     9     32641  2641/3750       70% 0.920292      73.9528
 33046     9     32651  2651/3750       71% 0.966400      73.9556
 33051     9     32661  2661/3750       71% 0.756589      73.9654
 33056     9     32671  2671/3750       71% 0.821047      73.9657
 33060     9     32681  2681/3750       71% 0.624296      73.9743
 33065     9     32691  2691/3750       72% 0.488853      73.9862
 33069     9     32701  2701/3750       72% 1.072061      73.9842
 33074     9     32711  2711/3750       72% 0.488224      73.9914
 33078     9     32721  2721/3750       73% 0.570135      73.9939
 33082     9     32731  2731/3750       73% 0.567446      74.0102
 33086     9     32741  2741/3750       73% 0.659133      74.0093
 33091     9     32751  2751/3750       73% 0.993470      74.0310
 33096     9     32761  2761/3750       74% 0.714981      74.0357
 33101     9     32771  2771/3750       74% 1.074727      74.0403
 33106     9     32781  2781/3750       74% 0.313688      74.0628
 33110     9     32791  2791/3750       74% 0.369223      74.0752
 33115     9     32801  2801/3750       75% 0.723797      74.0718
 33120     9     32811  2811/3750       75% 0.298427      74.0895
 33124     9     32821  2821/3750       75% 1.128656      74.1038
 33128     9     32831  2831/3750       75% 0.947253      74.1103
 33133     9     32841  2841/3750       76% 0.614148      74.1244
 33137     9     32851  2851/3750       76% 0.689452      74.1209
 33142     9     32861  2861/3750       76% 0.721841      74.1447
 33146     9     32871  2871/3750       77% 0.717337      74.1532
 33151     9     32881  2881/3750       77% 1.007170      74.1659
 33156     9     32891  2891/3750       77% 0.248070      74.1861
 33160     9     32901  2901/3750       77% 0.445766      74.1932
 33165     9     32911  2911/3750       78% 1.104779      74.2056
 33169     9     32921  2921/3750       78% 0.430702      74.2351
 33173     9     32931  2931/3750       78% 0.893513      74.2419
 33178     9     32941  2941/3750       78% 0.464799      74.2573
 33182     9     32951  2951/3750       79% 0.528587      74.2810
 33187     9     32961  2961/3750       79% 0.721810      74.2992
 33191     9     32971  2971/3750       79% 0.669070      74.3321
 33196     9     32981  2981/3750       79% 0.765905      74.3301
 33200     9     32991  2991/3750       80% 0.597035      74.3355
 33205     9     33001  3001/3750       80% 0.506548      74.3408
 33209     9     33011  3011/3750       80% 0.963861      74.3534
 33214     9     33021  3021/3750       81% 0.274602      74.3721
 33219     9     33031  3031/3750       81% 0.297466      74.3865
 33224     9     33041  3041/3750       81% 0.467600      74.3978
 33228     9     33051  3051/3750       81% 0.707193      74.4100
 33233     9     33061  3061/3750       82% 0.680998      74.4079
 33237     9     33071  3071/3750       82% 0.396016      74.4190
 33241     9     33081  3081/3750       82% 0.526070      74.4249
 33246     9     33091  3091/3750       82% 0.901434      74.4288
 33250     9     33101  3101/3750       83% 0.747262      74.4367
 33255     9     33111  3111/3750       83% 0.364415      74.4465
 33259     9     33121  3121/3750       83% 0.459004      74.4553
 33263     9     33131  3131/3750       83% 0.786486      74.4680
 33269     9     33141  3141/3750       84% 1.094871      74.4826
 33273     9     33151  3151/3750       84% 0.711379      74.4992
 33278     9     33161  3161/3750       84% 1.049281      74.5067
 33282     9     33171  3171/3750       85% 1.379185      74.5211
 33287     9     33181  3181/3750       85% 0.453450      74.5432
 33291     9     33191  3191/3750       85% 0.796564      74.5603
 33296     9     33201  3201/3750       85% 0.736878      74.5695
 33301     9     33211  3211/3750       86% 1.118902      74.5708
 33305     9     33221  3221/3750       86% 0.518484      74.5663
 33310     9     33231  3231/3750       86% 0.642204      74.5841
 33315     9     33241  3241/3750       86% 0.421877      74.5960
 33319     9     33251  3251/3750       87% 0.580152      74.6184
 33324     9     33261  3261/3750       87% 0.647061      74.6243
 33328     9     33271  3271/3750       87% 0.527367      74.6398
 33333     9     33281  3281/3750       87% 0.265084      74.6590
 33337     9     33291  3291/3750       88% 1.203216      74.6696
 33341     9     33301  3301/3750       88% 0.395633      74.6810
 33345     9     33311  3311/3750       88% 1.108564      74.6857
 33349     9     33321  3321/3750       89% 0.647589      74.6904
 33354     9     33331  3331/3750       89% 1.025749      74.6979
 33358     9     33341  3341/3750       89% 0.663166      74.7119
 33363     9     33351  3351/3750       89% 0.528942      74.7184
 33367     9     33361  3361/3750       90% 0.702914      74.7369
 33373     9     33371  3371/3750       90% 0.558864      74.7432
 33377     9     33381  3381/3750       90% 0.374888      74.7477
 33381     9     33391  3391/3750       90% 0.679134      74.7586
 33386     9     33401  3401/3750       91% 0.578641      74.7657
 33390     9     33411  3411/3750       91% 0.829816      74.7600
 33395     9     33421  3421/3750       91% 0.402736      74.7625
 33400     9     33431  3431/3750       91% 1.080142      74.7659
 33404     9     33441  3441/3750       92% 0.559862      74.7820
 33408     9     33451  3451/3750       92% 0.941065      74.7736
 33413     9     33461  3461/3750       92% 0.823362      74.7598
 33417     9     33471  3471/3750       93% 0.539795      74.7524
 33422     9     33481  3481/3750       93% 0.530929      74.7531
 33427     9     33491  3491/3750       93% 0.531046      74.7610
 33431     9     33501  3501/3750       93% 0.398782      74.7768
 33435     9     33511  3511/3750       94% 0.421222      74.7891
 33440     9     33521  3521/3750       94% 0.646301      74.8092
 33444     9     33531  3531/3750       94% 0.516717      74.8168
 33449     9     33541  3541/3750       94% 0.869165      74.8085
 33453     9     33551  3551/3750       95% 0.446970      74.8205
 33458     9     33561  3561/3750       95% 1.107357      74.8262
 33463     9     33571  3571/3750       95% 1.105464      74.8224
 33467     9     33581  3581/3750       95% 0.777336      74.8351
 33471     9     33591  3591/3750       96% 0.638855      74.8538
 33476     9     33601  3601/3750       96% 0.509237      74.8603
 33480     9     33611  3611/3750       96% 0.673859      74.8624
 33485     9     33621  3621/3750       97% 0.822348      74.8688
 33489     9     33631  3631/3750       97% 0.564535      74.8830
 33494     9     33641  3641/3750       97% 0.918259      74.8858
 33499     9     33651  3651/3750       97% 1.051290      74.8785
 33504     9     33661  3661/3750       98% 0.355208      74.8856
 33508     9     33671  3671/3750       98% 0.877395      74.8842
 33513     9     33681  3681/3750       98% 0.699806      74.8956
 33517     9     33691  3691/3750       98% 0.583550      74.8976
 33521     9     33701  3701/3750       99% 0.718610      74.9063
 33525     9     33711  3711/3750       99% 1.211285      74.9065
 33530     9     33721  3721/3750       99% 0.520001      74.9194
 33535     9     33731  3731/3750       99% 0.396906      74.9263
 33539     9     33741  3741/3750      100% 0.764954      74.9348

  Time Epoch Iteration Progress     Dev/Acc. Dev/Pr.  Dev/Recall   Dev/F1       Dev/Loss
 33562     9     33750     9/30     0.8680   0.8680   0.8680       0.8680       0.4122

  Time Epoch Iteration Progress    (%Epoch)   Loss     Accuracy
 33563    10     33751     1/3750        0% 1.122324      65.6250
 33567    10     33761    11/3750        0% 0.429972      69.3182
 33571    10     33771    21/3750        1% 0.353446      73.3631
 33575    10     33781    31/3750        1% 0.782843      74.0927
 33580    10     33791    41/3750        1% 0.656244      74.9238
 33585    10     33801    51/3750        1% 0.359380      75.8578
 33589    10     33811    61/3750        2% 0.577548      76.3320
 33594    10     33821    71/3750        2% 0.478696      76.5845
 33599    10     33831    81/3750        2% 0.330116      76.9290
 33603    10     33841    91/3750        2% 0.777889      76.8544
 33608    10     33851   101/3750        3% 0.389925      76.7636
 33612    10     33861   111/3750        3% 0.437936      76.8581
 33617    10     33871   121/3750        3% 0.692489      77.1694
 33622    10     33881   131/3750        3% 0.410028      77.2185
 33626    10     33891   141/3750        4% 0.430970      77.1720
 33631    10     33901   151/3750        4% 0.612091      77.2144
 33635    10     33911   161/3750        4% 0.661556      77.3486
 33640    10     33921   171/3750        5% 0.860152      77.4123
 33644    10     33931   181/3750        5% 0.277143      77.3999
 33649    10     33941   191/3750        5% 0.299114      77.6342
 33653    10     33951   201/3750        5% 0.525765      77.3632
 33658    10     33961   211/3750        6% 0.857520      77.3549
 33663    10     33971   221/3750        6% 0.680675      77.5452
 33667    10     33981   231/3750        6% 0.717985      77.8139
 33672    10     33991   241/3750        6% 0.513460      77.9175
 33676    10     34001   251/3750        7% 0.917172      77.8760
 33680    10     34011   261/3750        7% 0.580486      77.8137
 33685    10     34021   271/3750        7% 1.023879      77.7906
 33689    10     34031   281/3750        7% 0.314341      77.9026
 33694    10     34041   291/3750        8% 1.066663      77.8458
 33698    10     34051   301/3750        8% 0.341382      77.8862
 33703    10     34061   311/3750        8% 0.825047      77.9743
 33707    10     34071   321/3750        9% 0.500160      77.7843
 33712    10     34081   331/3750        9% 0.493890      77.8418
 33716    10     34091   341/3750        9% 0.594703      77.9326
 33721    10     34101   351/3750        9% 0.458203      77.8935
 33726    10     34111   361/3750       10% 0.707174      77.8307
 33730    10     34121   371/3750       10% 0.457542      77.8218
 33735    10     34131   381/3750       10% 1.273764      77.9199
 33739    10     34141   391/3750       10% 0.764616      77.8613
 33744    10     34151   401/3750       11% 0.600956      77.7899
 33748    10     34161   411/3750       11% 0.660430      77.7828
 33753    10     34171   421/3750       11% 0.894263      77.8281
 33758    10     34181   431/3750       11% 0.694034      77.8350
 33762    10     34191   441/3750       12% 0.582673      77.9266
 33767    10     34201   451/3750       12% 0.656894      78.0557
 33771    10     34211   461/3750       12% 0.802207      77.9894
 33776    10     34221   471/3750       13% 0.357466      78.0255
 33780    10     34231   481/3750       13% 0.808051      77.9691
 33785    10     34241   491/3750       13% 0.842740      77.9850
 33789    10     34251   501/3750       13% 0.581114      78.0065
 33794    10     34261   511/3750       14% 0.261005      78.0210
 33798    10     34271   521/3750       14% 0.500422      78.0050
 33802    10     34281   531/3750       14% 0.630648      78.0603
 33807    10     34291   541/3750       14% 1.199832      78.0672
 33811    10     34301   551/3750       15% 0.343250      78.1137
 33816    10     34311   561/3750       15% 0.502139      78.1083
 33820    10     34321   571/3750       15% 0.480755      78.1250
 33825    10     34331   581/3750       15% 0.612819      78.1734
 33830    10     34341   591/3750       16% 0.183907      78.1673
 33835    10     34351   601/3750       16% 0.668983      78.1926
 33839    10     34361   611/3750       16% 0.837846      78.2068
 33844    10     34371   621/3750       17% 0.129322      78.3062
 33848    10     34381   631/3750       17% 0.788421      78.3528
 33852    10     34391   641/3750       17% 0.565320      78.3103
 33856    10     34401   651/3750       17% 0.736693      78.3122
 33861    10     34411   661/3750       18% 0.236651      78.3614
 33866    10     34421   671/3750       18% 0.762457      78.3672
 33871    10     34431   681/3750       18% 0.440087      78.3544
 33875    10     34441   691/3750       18% 0.706848      78.3376
 33880    10     34451   701/3750       19% 0.423151      78.3390
 33884    10     34461   711/3750       19% 0.482143      78.3140
 33889    10     34471   721/3750       19% 0.717120      78.2854
 33893    10     34481   731/3750       19% 0.378490      78.2832
 33897    10     34491   741/3750       20% 0.581121      78.2937
 33902    10     34501   751/3750       20% 0.549809      78.3039
 33907    10     34511   761/3750       20% 0.727111      78.3221
 33912    10     34521   771/3750       21% 0.241481      78.3763
 33917    10     34531   781/3750       21% 0.552586      78.3651
 33921    10     34541   791/3750       21% 0.488847      78.3778
 33925    10     34551   801/3750       21% 0.872625      78.4059
 33929    10     34561   811/3750       22% 0.723133      78.3639
 33933    10     34571   821/3750       22% 0.642112      78.4143
 33938    10     34581   831/3750       22% 0.581074      78.4070
 33942    10     34591   841/3750       22% 0.592921      78.4037
 33947    10     34601   851/3750       23% 0.336753      78.4371
 33951    10     34611   861/3750       23% 0.579259      78.4226
 33956    10     34621   871/3750       23% 0.487457      78.4192
 33962    10     34631   881/3750       23% 0.468453      78.4123
 33966    10     34641   891/3750       24% 0.833078      78.3810
 33970    10     34651   901/3750       24% 0.441526      78.4129
 33975    10     34661   911/3750       24% 0.785442      78.3823
 33979    10     34671   921/3750       25% 0.355275      78.3863
 33984    10     34681   931/3750       25% 0.553500      78.4137
 33990    10     34691   941/3750       25% 0.656260      78.4106
 33994    10     34701   951/3750       25% 0.334022      78.3945
 33999    10     34711   961/3750       26% 0.458113      78.4047
 34003    10     34721   971/3750       26% 0.583142      78.4050
 34008    10     34731   981/3750       26% 0.777301      78.4149
 34012    10     34741   991/3750       26% 1.088058      78.4309
 34016    10     34751  1001/3750       27% 0.794029      78.4559
 34022    10     34761  1011/3750       27% 0.545336      78.4310
 34026    10     34771  1021/3750       27% 0.653646      78.4647
 34031    10     34781  1031/3750       27% 0.545489      78.4645
 34035    10     34791  1041/3750       28% 0.486768      78.4282
 34039    10     34801  1051/3750       28% 0.331867      78.3956
 34044    10     34811  1061/3750       28% 0.389408      78.3783
 34048    10     34821  1071/3750       29% 0.420428      78.3759
 34053    10     34831  1081/3750       29% 1.090874      78.3794
 34057    10     34841  1091/3750       29% 0.261682      78.3685
 34061    10     34851  1101/3750       29% 0.748566      78.3436
 34067    10     34861  1111/3750       30% 0.199652      78.3669
 34071    10     34871  1121/3750       30% 0.829695      78.3898
 34075    10     34881  1131/3750       30% 0.592542      78.3875
 34080    10     34891  1141/3750       30% 0.683694      78.3386
 34084    10     34901  1151/3750       31% 0.780189      78.3368
 34088    10     34911  1161/3750       31% 0.595888      78.3376
 34093    10     34921  1171/3750       31% 1.378336      78.3492
 34098    10     34931  1181/3750       31% 0.637892      78.3658
 34102    10     34941  1191/3750       32% 0.247484      78.3953
 34107    10     34951  1201/3750       32% 0.604051      78.4034
 34111    10     34961  1211/3750       32% 0.580593      78.3779
 34116    10     34971  1221/3750       33% 0.533818      78.3784
 34120    10     34981  1231/3750       33% 0.844091      78.3916
 34124    10     34991  1241/3750       33% 0.284004      78.3844
 34129    10     35001  1251/3750       33% 0.988696      78.3698
 34134    10     35011  1261/3750       34% 0.604172      78.3803
 34138    10     35021  1271/3750       34% 0.463524      78.4151
 34143    10     35031  1281/3750       34% 0.324832      78.4470
 34147    10     35041  1291/3750       34% 0.491666      78.4518
 34152    10     35051  1301/3750       35% 0.449800      78.4781
 34156    10     35061  1311/3750       35% 0.907364      78.4706
 34161    10     35071  1321/3750       35% 0.278537      78.4586
 34165    10     35081  1331/3750       35% 0.804921      78.4701
 34170    10     35091  1341/3750       36% 0.502886      78.4862
 34174    10     35101  1351/3750       36% 0.694101      78.4720
 34179    10     35111  1361/3750       36% 0.578488      78.4556
 34183    10     35121  1371/3750       37% 0.945332      78.4190
 34188    10     35131  1381/3750       37% 0.800550      78.4395
 34193    10     35141  1391/3750       37% 0.584840      78.4373
 34197    10     35151  1401/3750       37% 0.556963      78.4440
 34202    10     35161  1411/3750       38% 0.618548      78.4439
 34206    10     35171  1421/3750       38% 0.541099      78.4439
 34211    10     35181  1431/3750       38% 0.494123      78.4307
 34215    10     35191  1441/3750       38% 0.502396      78.4460
 34219    10     35201  1451/3750       39% 1.483101      78.4265
 34224    10     35211  1461/3750       39% 0.559972      78.4202
 34228    10     35221  1471/3750       39% 1.090371      78.4373
 34233    10     35231  1481/3750       39% 0.457658      78.4584
 34238    10     35241  1491/3750       40% 0.294576      78.4771
 34242    10     35251  1501/3750       40% 0.862818      78.4602
 34247    10     35261  1511/3750       40% 0.457683      78.4435
 34252    10     35271  1521/3750       41% 0.730548      78.4270
 34256    10     35281  1531/3750       41% 0.831117      78.4353
 34261    10     35291  1541/3750       41% 0.916851      78.4190
 34266    10     35301  1551/3750       41% 0.421736      78.4373
 34270    10     35311  1561/3750       42% 0.741892      78.4613
 34274    10     35321  1571/3750       42% 0.653927      78.4850
 34278    10     35331  1581/3750       42% 0.946740      78.4986
 34283    10     35341  1591/3750       42% 0.517688      78.5237
 34288    10     35351  1601/3750       43% 0.516129      78.5290
 34293    10     35361  1611/3750       43% 0.664700      78.5770
 34298    10     35371  1621/3750       43% 0.691439      78.5645
 34302    10     35381  1631/3750       43% 0.893056      78.5695
 34306    10     35391  1641/3750       44% 0.781886      78.5516
 34311    10     35401  1651/3750       44% 0.397456      78.5736
 34316    10     35411  1661/3750       44% 0.594549      78.5728
 34320    10     35421  1671/3750       45% 0.945859      78.5813
 34324    10     35431  1681/3750       45% 1.056377      78.5712
 34328    10     35441  1691/3750       45% 0.620459      78.5630
 34333    10     35451  1701/3750       45% 0.380835      78.5310
 34337    10     35461  1711/3750       46% 0.448305      78.5195
 34343    10     35471  1721/3750       46% 0.383431      78.5009
 34347    10     35481  1731/3750       46% 0.856494      78.5222
 34352    10     35491  1741/3750       46% 0.553470      78.5325
 34356    10     35501  1751/3750       47% 0.702465      78.5498
 34361    10     35511  1761/3750       47% 0.633029      78.5686
 34365    10     35521  1771/3750       47% 0.850714      78.5908
 34369    10     35531  1781/3750       47% 0.775957      78.5952
 34374    10     35541  1791/3750       48% 0.698676      78.6240
 34379    10     35551  1801/3750       48% 0.627456      78.6369
 34383    10     35561  1811/3750       48% 0.473270      78.6496
 34387    10     35571  1821/3750       49% 0.756195      78.6518
 34392    10     35581  1831/3750       49% 0.571056      78.6473
 34397    10     35591  1841/3750       49% 0.684158      78.6308
 34401    10     35601  1851/3750       49% 0.335345      78.6365
 34406    10     35611  1861/3750       50% 0.980608      78.6456
 34411    10     35621  1871/3750       50% 0.606588      78.6411
 34415    10     35631  1881/3750       50% 0.593470      78.6450
 34420    10     35641  1891/3750       50% 1.184900      78.6191
 34424    10     35651  1901/3750       51% 0.830110      78.6297
 34429    10     35661  1911/3750       51% 0.570316      78.6434
 34434    10     35671  1921/3750       51% 0.606013      78.6618
 34438    10     35681  1931/3750       51% 0.622764      78.6736
 34443    10     35691  1941/3750       52% 0.829003      78.6724
 34447    10     35701  1951/3750       52% 0.609621      78.6856
 34452    10     35711  1961/3750       52% 0.336070      78.6955
 34457    10     35721  1971/3750       53% 0.859224      78.7021
 34461    10     35731  1981/3750       53% 0.562376      78.6992
 34465    10     35741  1991/3750       53% 0.219002      78.7042
 34470    10     35751  2001/3750       53% 0.919038      78.6872
 34474    10     35761  2011/3750       54% 0.441533      78.6875
 34480    10     35771  2021/3750       54% 0.502983      78.6801
 34485    10     35781  2031/3750       54% 0.458015      78.6651
 34489    10     35791  2041/3750       54% 0.269296      78.6869
 34493    10     35801  2051/3750       55% 0.696625      78.6979
 34498    10     35811  2061/3750       55% 0.818351      78.7072
 34502    10     35821  2071/3750       55% 0.351388      78.7105
 34507    10     35831  2081/3750       55% 0.572234      78.7137
 34511    10     35841  2091/3750       56% 0.799428      78.7079
 34515    10     35851  2101/3750       56% 0.352523      78.7229
 34520    10     35861  2111/3750       56% 1.070107      78.7127
 34525    10     35871  2121/3750       57% 0.692890      78.7276
 34529    10     35881  2131/3750       57% 0.755336      78.7262
 34535    10     35891  2141/3750       57% 0.786969      78.7015
 34539    10     35901  2151/3750       57% 0.478159      78.6916
 34543    10     35911  2161/3750       58% 0.621673      78.6991
 34547    10     35921  2171/3750       58% 0.830693      78.7080
 34552    10     35931  2181/3750       58% 0.812747      78.7168
 34556    10     35941  2191/3750       58% 0.440317      78.7155
 34561    10     35951  2201/3750       59% 0.733977      78.7171
 34566    10     35961  2211/3750       59% 0.633590      78.7200
 34571    10     35971  2221/3750       59% 0.909781      78.7047
 34575    10     35981  2231/3750       59% 0.837852      78.7021
 34580    10     35991  2241/3750       60% 1.074853      78.7051
 34584    10     36001  2251/3750       60% 0.676845      78.7053
 34589    10     36011  2261/3750       60% 0.445481      78.7041
 34594    10     36021  2271/3750       61% 0.832872      78.7002
 34598    10     36031  2281/3750       61% 0.963936      78.7086
 34603    10     36041  2291/3750       61% 0.887311      78.7252
 34607    10     36051  2301/3750       61% 1.053073      78.7185
 34611    10     36061  2311/3750       62% 0.891642      78.7010
 34616    10     36071  2321/3750       62% 0.283542      78.7040
 34621    10     36081  2331/3750       62% 0.700827      78.6961
 34625    10     36091  2341/3750       62% 0.337908      78.6963
 34629    10     36101  2351/3750       63% 0.299999      78.6979
 34633    10     36111  2361/3750       63% 0.369688      78.7180
 34638    10     36121  2371/3750       63% 0.685007      78.7194
 34643    10     36131  2381/3750       63% 0.944002      78.7182
 34648    10     36141  2391/3750       64% 0.460367      78.7184
 34652    10     36151  2401/3750       64% 0.671560      78.7263
 34657    10     36161  2411/3750       64% 0.676296      78.7459
 34661    10     36171  2421/3750       65% 0.617666      78.7407
 34665    10     36181  2431/3750       65% 1.109812      78.7395
 34670    10     36191  2441/3750       65% 0.464429      78.7446
 34675    10     36201  2451/3750       65% 0.599491      78.7459
 34680    10     36211  2461/3750       66% 0.885604      78.7256
 34684    10     36221  2471/3750       66% 0.586060      78.7460
 34689    10     36231  2481/3750       66% 0.421999      78.7586
 34693    10     36241  2491/3750       66% 0.698768      78.7661
 34698    10     36251  2501/3750       67% 0.517574      78.7785
 34702    10     36261  2511/3750       67% 0.486886      78.7697
 34706    10     36271  2521/3750       67% 0.631625      78.7708
 34711    10     36281  2531/3750       67% 0.258818      78.7794
 34716    10     36291  2541/3750       68% 0.431459      78.7780
 34720    10     36301  2551/3750       68% 0.658387      78.7926
 34725    10     36311  2561/3750       68% 0.746971      78.8022
 34730    10     36321  2571/3750       69% 0.566316      78.7923
 34735    10     36331  2581/3750       69% 0.574467      78.7982
 34740    10     36341  2591/3750       69% 0.738042      78.8016
 34744    10     36351  2601/3750       69% 0.504846      78.8110
 34748    10     36361  2611/3750       70% 0.908342      78.8096
 34753    10     36371  2621/3750       70% 0.326766      78.8094
 34758    10     36381  2631/3750       70% 0.589828      78.8353
 34762    10     36391  2641/3750       70% 0.397161      78.8421
 34766    10     36401  2651/3750       71% 0.485065      78.8299
 34771    10     36411  2661/3750       71% 0.725518      78.8320
 34775    10     36421  2671/3750       71% 0.679062      78.8399
 34779    10     36431  2681/3750       71% 0.571723      78.8360
 34784    10     36441  2691/3750       72% 0.549375      78.8392
 34789    10     36451  2701/3750       72% 0.950741      78.8377
 34794    10     36461  2711/3750       72% 0.796512      78.8339
 34799    10     36471  2721/3750       73% 0.699666      78.8336
 34803    10     36481  2731/3750       73% 0.858608      78.8310
 34807    10     36491  2741/3750       73% 0.559751      78.8478
 34812    10     36501  2751/3750       73% 0.305827      78.8543
 34817    10     36511  2761/3750       74% 0.891374      78.8697
 34822    10     36521  2771/3750       74% 1.043360      78.8637
 34826    10     36531  2781/3750       74% 0.679243      78.8666
 34831    10     36541  2791/3750       74% 0.568697      78.8841
 34835    10     36551  2801/3750       75% 0.549728      78.8937
 34840    10     36561  2811/3750       75% 0.325169      78.9065
 34844    10     36571  2821/3750       75% 0.574503      78.9159
 34849    10     36581  2831/3750       75% 1.065436      78.9143
 34853    10     36591  2841/3750       76% 0.437582      78.9203
 34858    10     36601  2851/3750       76% 0.473707      78.9186
 34862    10     36611  2861/3750       76% 0.568596      78.9224
 34868    10     36621  2871/3750       77% 0.918766      78.9163
 34872    10     36631  2881/3750       77% 0.851244      78.9157
 34876    10     36641  2891/3750       77% 0.854144      78.9108
 34880    10     36651  2901/3750       77% 0.414803      78.9221
 34885    10     36661  2911/3750       78% 0.904417      78.9237
 34889    10     36671  2921/3750       78% 0.381440      78.9338
 34894    10     36681  2931/3750       78% 0.670296      78.9428
 34899    10     36691  2941/3750       78% 0.945753      78.9442
 34903    10     36701  2951/3750       79% 0.870436      78.9425
 34908    10     36711  2961/3750       79% 0.821843      78.9482
 34913    10     36721  2971/3750       79% 0.561372      78.9475
 34917    10     36731  2981/3750       79% 0.855621      78.9500
 34922    10     36741  2991/3750       80% 0.778899      78.9661
 34926    10     36751  3001/3750       80% 0.576055      78.9445
 34930    10     36761  3011/3750       80% 0.741441      78.9470
 34936    10     36771  3021/3750       81% 0.302419      78.9474
 34940    10     36781  3031/3750       81% 0.498575      78.9436
 34944    10     36791  3041/3750       81% 0.255960      78.9625
 34949    10     36801  3051/3750       81% 0.554273      78.9751
 34954    10     36811  3061/3750       82% 0.550379      78.9918
 34959    10     36821  3071/3750       82% 0.820780      78.9971
 34963    10     36831  3081/3750       82% 0.677183      78.9770
 34967    10     36841  3091/3750       82% 0.283249      78.9732
 34972    10     36851  3101/3750       83% 0.669582      78.9796
 34977    10     36861  3111/3750       83% 0.469509      78.9939
 34981    10     36871  3121/3750       83% 0.650866      79.0011
 34987    10     36881  3131/3750       83% 0.779467      79.0093
 34991    10     36891  3141/3750       84% 0.778698      79.0035
 34996    10     36901  3151/3750       84% 0.113713      79.0196
 35000    10     36911  3161/3750       84% 0.966020      79.0306
 35005    10     36921  3171/3750       85% 0.260866      79.0435
 35009    10     36931  3181/3750       85% 0.714101      79.0416
 35013    10     36941  3191/3750       85% 0.617443      79.0475
 35017    10     36951  3201/3750       85% 0.270234      79.0495
 35022    10     36961  3211/3750       86% 0.561481      79.0564
 35026    10     36971  3221/3750       86% 0.754115      79.0641
 35030    10     36981  3231/3750       86% 0.532661      79.0612
 35035    10     36991  3241/3750       86% 0.283941      79.0690
 35040    10     37001  3251/3750       87% 0.532942      79.0709
 35044    10     37011  3261/3750       87% 1.291879      79.0785
 35049    10     37021  3271/3750       87% 0.345558      79.0899
 35053    10     37031  3281/3750       87% 0.568359      79.1032
 35058    10     37041  3291/3750       88% 0.397464      79.0973
 35063    10     37051  3301/3750       88% 0.415174      79.1048
 35068    10     37061  3311/3750       88% 0.368392      79.1047
 35073    10     37071  3321/3750       89% 0.502748      79.1064
 35077    10     37081  3331/3750       89% 0.372516      79.1082
 35081    10     37091  3341/3750       89% 0.556351      79.0950
 35086    10     37101  3351/3750       89% 0.467105      79.1051
 35091    10     37111  3361/3750       90% 0.253980      79.1022
 35095    10     37121  3371/3750       90% 1.286635      79.1021
 35099    10     37131  3381/3750       90% 0.584684      79.0964
 35104    10     37141  3391/3750       90% 0.501761      79.1000
 35108    10     37151  3401/3750       91% 0.410408      79.1045
 35113    10     37161  3411/3750       91% 0.246217      79.1144
 35117    10     37171  3421/3750       91% 0.349749      79.1106
 35122    10     37181  3431/3750       91% 0.593059      79.1069
 35126    10     37191  3441/3750       92% 0.458353      79.1031
 35131    10     37201  3451/3750       92% 0.361998      79.1021
 35136    10     37211  3461/3750       92% 0.700035      79.1029
 35140    10     37221  3471/3750       93% 0.583056      79.1072
 35145    10     37231  3481/3750       93% 0.165228      79.1017
 35149    10     37241  3491/3750       93% 0.772135      79.0909
 35154    10     37251  3501/3750       93% 1.112016      79.0792
 35158    10     37261  3511/3750       94% 0.540705      79.0818
 35163    10     37271  3521/3750       94% 0.343704      79.0755
 35167    10     37281  3531/3750       94% 0.531202      79.0808
 35172    10     37291  3541/3750       94% 0.784275      79.0808
 35176    10     37301  3551/3750       95% 0.695159      79.0913
 35181    10     37311  3561/3750       95% 0.343587      79.0930
 35186    10     37321  3571/3750       95% 0.385004      79.0876
 35190    10     37331  3581/3750       95% 0.554396      79.0893
 35194    10     37341  3591/3750       96% 0.833740      79.0953
 35199    10     37351  3601/3750       96% 0.456078      79.0943
 35204    10     37361  3611/3750       96% 0.650886      79.0873
 35209    10     37371  3621/3750       97% 0.673329      79.0942
 35213    10     37381  3631/3750       97% 0.553465      79.1001
 35218    10     37391  3641/3750       97% 0.656009      79.1026
 35222    10     37401  3651/3750       97% 0.444349      79.0982
 35227    10     37411  3661/3750       98% 0.321285      79.1066
 35231    10     37421  3671/3750       98% 0.380447      79.1244
 35235    10     37431  3681/3750       98% 0.576728      79.1242
 35239    10     37441  3691/3750       98% 0.425339      79.1334
 35244    10     37451  3701/3750       99% 0.349186      79.1366
 35248    10     37461  3711/3750       99% 0.819235      79.1422
 35253    10     37471  3721/3750       99% 0.674469      79.1488
 35257    10     37481  3731/3750       99% 0.948386      79.1510
 35262    10     37491  3741/3750      100% 1.192365      79.1358

  Time Epoch Iteration Progress     Dev/Acc. Dev/Pr.  Dev/Recall   Dev/F1       Dev/Loss
 35284    10     37500    10/30     0.8758   0.8758   0.8758       0.8758       0.3836
Early Stopping. Epoch: 10, Best Dev F1: 0.9073684210526316
Evaluation metrics for dev
['accuracy', 'precision', 'recall', 'f1', 'cross_entropy_loss']
[0.9073684210526316, 0.9073684210526316, 0.9073684210526316, 0.9073684210526316, 0.2911943911721832]
Evaluation metrics for test
['accuracy', 'precision', 'recall', 'f1', 'cross_entropy_loss']
[0.9073684210526316, 0.9073684210526316, 0.9073684210526316, 0.9073684210526316, 0.2911943911721832]